(-0.223631878704026, 1.73773472390305E-15)
(-0.244813919403184, -2.47555704177402E-16)
(-0.255723279524145, 1.78088800860796E-15)
(-0.295495203939598, 1.21822060426183E-15)
(-0.315835264601444, -2.34410269537265E-16)
(-0.438789919872123, 1.45996003666427E-15)
(-0.514589375944564, 2.15067723805518E-15)
(0.143509802289639, 1.35632764007647E-15)
Iteration #0
alpha 0.8
[],
[],

(-0.8823664286409, -2.69211306802107E-15)
(-0.120704789137138, -2.07984422534487E-16)
(-9.11959363263963, 7.50239151365674E-13)
(-0.256791967346701, 3.69814312418904E-16)
(-0.33522939081131, -4.29751094848601E-16)
(-0.714285213972942, -1.91001343284737E-17)
(-0.253521307927649, -1.40919679131075E-15)
(-0.331993442723387, -9.52676214337378E-16)
(-0.28442433227994, 1.01791858088828E-15)
(-0.215297895279453, -4.04897207789409E-16)
(-0.280509495587739, -2.8338556043363E-15)
(-0.475944455378118, -3.28739467030709E-16)
(-1.32771123592377, 1.61181955192735E-14)
(0.041605831440439, 6.47061939485773E-15)
Iteration #0
alpha 12.1
[],
[],

(-0.291741826000545, 1.40480461419113E-16)
(-0.466788148300652, 3.93607539329416E-15)
(-0.196469346388302, 1.1160636423641E-15)
(1.35631157357842, 3.28548087836218E-14)
Iteration #0
alpha 16.1
[3],
[48.3],

(-0.714821347306468, -1.42998771273067E-15)
(-0.288233237594886, -3.85107802731616E-15)
(-0.791945754103195, 2.00637495242068E-15)
