(13.8183313130591, -8.77940929787529E-08)
Iteration #0
alpha 0.1
[3.88376726970421, 3.54182410261284, 2.9940429926844, 2.27225898692462, 1.41841954817014, 0.482146721021292, 0.482146721021292, 1.41841954817014, 2.27225898692462, 2.9940429926844, 3.54182410261284, 3.88376726970421, 4],
[0.388376726970421, 0.354182410261284, 0.29940429926844, 0.227225898692462, 0.141841954817014, 0.0482146721021292, 0.0482146721021292, 0.141841954817014, 0.227225898692462, 0.29940429926844, 0.354182410261284, 0.388376726970421, 0.4],

(13.6977733235744, -7.09532409893809E-08)
Iteration #0
alpha 0.2
[3.88376726970421, 3.54182410261284, 2.9940429926844, 2.27225898692462, 1.41841954817014, 0.482146721021292, 0.482146721021292, 1.41841954817014, 2.27225898692462, 2.9940429926844, 3.54182410261284, 3.88376726970421, 4],
[0.776753453940842, 0.708364820522568, 0.598808598536881, 0.454451797384925, 0.283683909634028, 0.0964293442042584, 0.0964293442042583, 0.283683909634028, 0.454451797384925, 0.598808598536881, 0.708364820522568, 0.776753453940842, 0.8],

(11.8943975411461, -5.23297976801676E-07)
Iteration #0
alpha 0.3
[3.83797189445799, 3.36501413132473, 2.61944293578114, 1.66166005200755, 0.56925935309314, 0.56925935309314, 1.66166005200755, 2.61944293578114, 3.36501413132472, 3.83797189445799, 4],
[1.1513915683374, 1.00950423939742, 0.785832880734342, 0.498498015602264, 0.170777805927942, 0.170777805927942, 0.498498015602264, 0.785832880734342, 1.00950423939742, 1.1513915683374, 1.2],

(13.703378778265, -1.62885081642366E-06)
Iteration #0
alpha 0.4
[3.88376726970421, 3.54182410261284, 2.9940429926844, 2.27225898692462, 1.41841954817014, 0.482146721021292, 0.482146721021292, 1.41841954817014, 2.27225898692462, 2.9940429926844, 3.54182410261284, 3.88376726970421, 4],
[1.55350690788168, 1.41672964104514, 1.19761719707376, 0.90890359476985, 0.567367819268057, 0.192858688408517, 0.192858688408517, 0.567367819268057, 0.908903594769849, 1.19761719707376, 1.41672964104514, 1.55350690788168, 1.6],

(13.1929761183976, 1.83824399847464E-05)
Iteration #0
alpha 0.5
[3.88376726970421, 3.54182410261284, 2.9940429926844, 2.27225898692462, 1.41841954817014, 0.482146721021292, 0.482146721021292, 1.41841954817014, 2.27225898692462, 2.9940429926844, 3.54182410261284, 3.88376726970421, 4],
[1.9418836348521, 1.77091205130642, 1.4970214963422, 1.13612949346231, 0.709209774085071, 0.241073360510646, 0.241073360510646, 0.709209774085071, 1.13612949346231, 1.4970214963422, 1.77091205130642, 1.9418836348521, 2],

(13.0630006785712, 2.47302022743247E-05)
Iteration #0
alpha 0.6
[3.88376726970421, 3.54182410261284, 2.9940429926844, 2.27225898692462, 1.41841954817014, 0.482146721021292, 0.482146721021292, 1.41841954817014, 2.27225898692462, 2.9940429926844, 3.54182410261284, 3.88376726970421, 4],
[2.33026036182252, 2.1250944615677, 1.79642579561064, 1.36335539215477, 0.851051728902085, 0.289288032612775, 0.289288032612775, 0.851051728902085, 1.36335539215477, 1.79642579561064, 2.1250944615677, 2.33026036182253, 2.4],

(13.3811238119345, -0.000527343200402369)
Iteration #0
alpha 0.7
[3.88376726970421, 3.54182410261284, 2.9940429926844, 2.27225898692462, 1.41841954817014, 0.482146721021292, 0.482146721021292, 1.41841954817014, 2.27225898692462, 2.9940429926844, 3.54182410261284, 3.88376726970421, 4],
[2.71863708879295, 2.47927687182899, 2.09583009487908, 1.59058129084724, 0.992893683719099, 0.337502704714904, 0.337502704714904, 0.992893683719099, 1.59058129084724, 2.09583009487908, 2.47927687182899, 2.71863708879295, 2.8],

(12.8611407809427, -0.0086683966744054)
Iteration #0
alpha 0.8
[3.86370330515627, 3.46410161513775, 2.82842712474619, 2, 1.03527618041008, 2.44921270764475E-16, 1.03527618041008, 2, 2.82842712474619, 3.46410161513775, 3.86370330515627, 4],
[3.09096264412502, 2.7712812921102, 2.26274169979695, 1.6, 0.828220944328066, 1.9593701661158E-16, 0.828220944328066, 1.6, 2.26274169979695, 2.7712812921102, 3.09096264412502, 3.2],

(13.7514190577706, -0.0920668878532925)
Iteration #0
alpha 0.9
[3.88376726970421, 3.54182410261284, 2.9940429926844, 2.27225898692462, 1.41841954817014, 0.482146721021292, 0.482146721021292, 1.41841954817014, 2.27225898692462, 2.9940429926844, 3.54182410261284, 3.88376726970421, 4],
[3.49539054273379, 3.18764169235156, 2.69463869341596, 2.04503308823216, 1.27657759335313, 0.433932048919163, 0.433932048919162, 1.27657759335313, 2.04503308823216, 2.69463869341596, 3.18764169235155, 3.49539054273379, 3.6],

(13.3668942390821, 0.066613391744635)
Iteration #0
alpha 1
[3.88376726970421, 3.54182410261284, 2.9940429926844, 2.27225898692462, 1.41841954817014, 0.482146721021292, 0.482146721021292, 1.41841954817014, 2.27225898692462, 2.9940429926844, 3.54182410261284, 3.88376726970421, 4],
[3.88376726970421, 3.54182410261284, 2.9940429926844, 2.27225898692462, 1.41841954817014, 0.482146721021292, 0.482146721021292, 1.41841954817014, 2.27225898692462, 2.9940429926844, 3.54182410261284, 3.88376726970421, 4],

(14.2694518667781, 0.450305129669881)
Iteration #0
alpha 1.1
[3.89971164872729, 3.60387547160968, 3.12732592987212, 2.49395920743493, 1.73553495647023, 0.890083735825258, 2.44921270764475E-16, 0.890083735825257, 1.73553495647023, 2.49395920743493, 3.12732592987212, 3.60387547160968, 3.89971164872729, 4],
[4.28968281360002, 3.96426301877064, 3.44005852285933, 2.74335512817843, 1.90908845211726, 0.979092109407784, 2.69413397840923E-16, 0.979092109407783, 1.90908845211725, 2.74335512817843, 3.44005852285933, 3.96426301877064, 4.28968281360002, 4.4],

(NaN, NaN)
(NaN, NaN)
(NaN, NaN)
(NaN, NaN)
(NaN, NaN)
(61.060359637106, 19.4547723337539)
Iteration #0
alpha 7.1
[3.99469635953932, 3.97879950245836, 3.95235158436431, 3.91542274038143, 3.86811089916528, 3.81054152321353, 3.74286727616198, 3.66526761794802, 3.57794832891518, 3.48114096412062, 3.37510223929274, 3.26011335006725, 3.13647922630684, 3.00452772348208, 2.86460875325757, 2.71709335558917, 2.5623727147927, 2.40085712219347, 2.23297488810746, 2.05917120603932, 1.87990697210928, 1.69565756283944, 1.50691157454074, 1.31416952764334, 1.11794253940644, 0.918750968527182, 0.717123035242943, 0.513593420586204, 0.308701848506585, 0.102991654619955, 0.102991654619954, 0.308701848506585, 0.513593420586203, 0.717123035242943, 0.918750968527182, 1.11794253940644, 1.31416952764334, 1.50691157454074, 1.69565756283944, 1.87990697210928, 2.05917120603932, 2.23297488810746, 2.40085712219347, 2.5623727147927, 2.71709335558917, 2.86460875325757, 3.00452772348208, 3.13647922630684, 3.26011335006725, 3.37510223929274, 3.48114096412062, 3.57794832891518, 3.66526761794802, 3.74286727616197, 3.81054152321353, 3.86811089916528, 3.91542274038143, 3.95235158436431, 3.97879950245836, 3.99469635953932, 4],
[28.3623441527292, 28.2494764674543, 28.0616962489866, 27.7995014567082, 27.4635873840735, 27.0548448148161, 26.57435766075, 26.0234000874309, 25.4034331352978, 24.7161008452564, 23.9632258989785, 23.1468047854774, 22.2690025067786, 21.3321468367228, 20.3387221481288, 19.2913628246831, 18.1928462750282, 17.0460855675737, 15.854121705563, 14.6201155628792, 13.3473395019759, 12.03916869616, 10.6990721792393, 9.33060364626771, 7.93739202978571, 6.52313187654299, 5.0915735502249, 3.64651328616205, 2.19178312439676, 0.731240747801678, 0.731240747801674, 2.19178312439675, 3.64651328616204, 5.09157355022489, 6.52313187654299, 7.93739202978571, 9.33060364626771, 10.6990721792393, 12.03916869616, 13.3473395019759, 14.6201155628792, 15.854121705563, 17.0460855675737, 18.1928462750282, 19.2913628246831, 20.3387221481288, 21.3321468367228, 22.2690025067786, 23.1468047854774, 23.9632258989785, 24.7161008452564, 25.4034331352978, 26.0234000874309, 26.57435766075, 27.0548448148161, 27.4635873840735, 27.7995014567082, 28.0616962489866, 28.2494764674543, 28.3623441527292, 28.4],

(NaN, NaN)
(NaN, NaN)
(NaN, NaN)
(NaN, NaN)
(NaN, NaN)
(NaN, NaN)
(NaN, NaN)
(NaN, NaN)
(NaN, NaN)
(NaN, NaN)
(NaN, NaN)
(NaN, NaN)
