(0.489796466683396, 39.2389496081837)
Iteration #0
alpha 0.1
[0.99675730813421, 0.987050262637913, 0.970941817426052, 0.948536441947145, 0.919979443658824, 0.88545602565321, 0.845190085543795, 0.799442763403501, 0.748510748171101, 0.692724353509599, 0.632445375595377, 0.568064746731156, 0.5, 0.428692561403054, 0.354604887042536, 0.278217463916453, 0.200025693776044, 0.120536680255323, 0.0402659401094152, 0.0402659401094151, 0.120536680255323, 0.200025693776044, 0.278217463916452, 0.354604887042535, 0.428692561403054, 0.5, 0.568064746731156, 0.632445375595377, 0.692724353509599, 0.748510748171101, 0.799442763403501, 0.845190085543795, 0.88545602565321, 0.919979443658824, 0.948536441947145, 0.970941817426052, 0.987050262637913, 0.99675730813421, 1],
[0.099675730813421, 0.0987050262637913, 0.0970941817426052, 0.0948536441947146, 0.0919979443658824, 0.088545602565321, 0.0845190085543795, 0.0799442763403501, 0.0748510748171101, 0.0692724353509599, 0.0632445375595377, 0.0568064746731156, 0.05, 0.0428692561403054, 0.0354604887042536, 0.0278217463916453, 0.0200025693776044, 0.0120536680255323, 0.00402659401094153, 0.00402659401094151, 0.0120536680255323, 0.0200025693776044, 0.0278217463916452, 0.0354604887042535, 0.0428692561403054, 0.05, 0.0568064746731156, 0.0632445375595377, 0.0692724353509599, 0.0748510748171101, 0.0799442763403501, 0.0845190085543795, 0.088545602565321, 0.0919979443658824, 0.0948536441947146, 0.0970941817426052, 0.0987050262637913, 0.099675730813421, 0.1],

(1.90554635407606, -44.102638631498)
Iteration #0
alpha 0.2
[0.997452114610254, 0.989821441880933, 0.97714686597116, 0.959492973614497, 0.936949724999762, 0.909631995354518, 0.877678989567256, 0.841253532831181, 0.80054124092436, 0.755749574354258, 0.707106781186548, 0.654860733945285, 0.599277666511347, 0.540640817455598, 0.479248986720057, 0.415415013001886, 0.349464179599098, 0.28173255684143, 0.212565289552977, 0.142314838273285, 0.0713391831992324, 2.8327492261615E-16, 0.0713391831992322, 0.142314838273285, 0.212565289552977, 0.28173255684143, 0.349464179599098, 0.415415013001886, 0.479248986720057, 0.540640817455597, 0.599277666511347, 0.654860733945285, 0.707106781186547, 0.755749574354258, 0.80054124092436, 0.841253532831181, 0.877678989567256, 0.909631995354518, 0.936949724999762, 0.959492973614497, 0.97714686597116, 0.989821441880933, 0.997452114610254, 1],
[0.199490422922051, 0.197964288376187, 0.195429373194232, 0.191898594722899, 0.187389944999952, 0.181926399070904, 0.175535797913451, 0.168250706566236, 0.160108248184872, 0.151149914870852, 0.14142135623731, 0.130972146789057, 0.119855533302269, 0.10812816349112, 0.0958497973440114, 0.0830830026003773, 0.0698928359198197, 0.056346511368286, 0.0425130579105954, 0.028462967654657, 0.0142678366398465, 5.665498452323E-17, 0.0142678366398464, 0.028462967654657, 0.0425130579105953, 0.0563465113682859, 0.0698928359198197, 0.0830830026003773, 0.0958497973440114, 0.108128163491119, 0.119855533302269, 0.130972146789057, 0.14142135623731, 0.151149914870852, 0.160108248184872, 0.168250706566236, 0.175535797913451, 0.181926399070904, 0.187389944999952, 0.191898594722899, 0.195429373194232, 0.197964288376187, 0.199490422922051, 0.2],

(-4.85641132996517, -1.55414763005799)
Iteration #0
alpha 0.3
[0.809016994374947, 0.309016994374947, 0.309016994374947, 0.809016994374947, 1],
[0.242705098312484, 0.0927050983124843, 0.0927050983124842, 0.242705098312484, 0.3],

