(-1.50311794649692, 1.11804164176536)
(-3.04619338238342, -2.54182610385494)
(4.37280395473491, -1.14657798282576)
Iteration #0
alpha 0.3
[3.53553390593274, 3, 3.53553390593274, 4],
[1.06066017177982, 0.9, 1.06066017177982, 1.2],

(-1.22640315373972, -2.77883544510518)
(0.352857657912362, 0.681598492449751)
Iteration #0
alpha 0.5
[],
[],

(0.704583063546893, -2.05922119395753)
Iteration #0
alpha 0.6
[],
[],

(-0.750354756945527, 2.29359550075625)
(0.685282532767111, -1.4436350797845)
Iteration #0
alpha 0.8
[],
[],

(-0.331884680336737, -0.518961522593985)
(2.08536782778704, -1.34277442912651)
Iteration #0
alpha 1
[3, 4],
[3, 4],

(1.40859967041205, 1.63431376605385)
Iteration #0
alpha 1.1
[4],
[4.4],

(-1.5604997804945, -3.57476739504943)
(-2.075234292685, -0.106187776922091)
(5.29360237849603, 2.72183814758113)
Iteration #0
alpha 4.1
[3.68531674083956, 3.10941160345292, 3.10941160345292, 3.68531674083956, 4],
[15.1097986374422, 12.748587574157, 12.748587574157, 15.1097986374422, 16.4],

(3.53017731816725, 1.80201600672692)
Iteration #0
alpha 5.1
[3.278719262151, 3.278719262151, 4],
[16.7214682369701, 16.7214682369701, 20.4],

(-2.92481372017344, 1.40290958754079)
(-3.90736245785146, 1.76925069166047)
(-4.92770867672118, 3.81374035969431)
(5.12459233948017, 5.88343685904017)
Iteration #0
alpha 9.1
[3.68531674083956, 3.10941160345292, 3.10941160345292, 3.68531674083956, 4],
[33.53638234164, 28.2956455914216, 28.2956455914216, 33.53638234164, 36.4],

(1.14825652863501, 3.43488762910245)
Iteration #0
alpha 10.1
[4],
[40.4],

(0.0964200012168873, -1.28232553177099)
Iteration #0
alpha 11.1
[],
[],

(-2.03256939547959, -0.363743550072149)
(-3.18043344428434, -0.0659318638372941)
(-0.498236619517916, -1.38957376299988)
(3.45131813806636, -1.1839475808624)
Iteration #0
alpha 15.1
[3.278719262151, 3.278719262151, 4],
[49.5086608584801, 49.5086608584801, 60.4],

(0.4852672975207, -1.18507999183777)
Iteration #0
alpha 16.1
[],
[],

(-6.41906182861919, -4.69932077628342)
(1.63266877353367, 1.32894136214656)
Iteration #0
alpha 18.1
[4],
[72.4],

(-0.375665988937857, -3.80002369232496)
