(4.28316797532191E-08, -1.14739492915248E-16)
Iteration #0
alpha 0.1
[],
[],

[],
[],

(0.00255573282426777, -7.5408939995205E-16)
Iteration #0
alpha 0.2
[],
[],

[],
[],

(0.883255112200656, 1.02011891958867E-14)
Iteration #0
alpha 0.3
[],
[],

[],
[],

(3.07178591278185, -5.2421246876556E-15)
Iteration #0
alpha 0.4
[(0.500075, 0.865982102514249), (0.500075, -0.865982102514249), (2, -2.44909024700937E-16)],
[(0.20003, 0.3463928410057), (0.20003, -0.3463928410057), (0.8, -9.79636098803749E-17)],

[1.00000000375, 1.00000000375, 2],
[0.4000000015, 0.4000000015, 0.8],

Iteration #1
alpha 0.4
[(0.83021355250243, 0.92198393696866), (0.830213552502446, -0.921983936968699), (1.108340022013, -2.82574861312462E-14)],
[(0.332085421000972, 0.368793574787464), (0.332085421000978, -0.36879357478748), (0.443336008805199, -1.13029944524985E-14)],

[1.24068889041006, 1.2406888904101, 1.108340022013],
[0.496275556164022, 0.496275556164038, 0.443336008805199],

Iteration #2
alpha 0.4
[(1.14384106114264, 1.10036437285811), (1.14384106114266, -1.1003643728581), (0.481085004732575, -8.17391708667251E-14)],
[(0.457536424457057, 0.440145749143245), (0.457536424457063, -0.440145749143239), (0.19243400189303, -3.26956683466901E-14)],

[1.58719063952991, 1.58719063952991, 0.481085004732575],
[0.634876255811963, 0.634876255811963, 0.19243400189303],

Iteration #3
alpha 0.4
[(1.03969682615999, 1.1572648963385), (1.03969682616002, -1.15726489633851), (0.689373474697856, -5.82259972904068E-14)],
[(0.415878730463998, 0.4629059585354), (0.415878730464009, -0.462905958535404), (0.275749389879142, -2.32903989161627E-14)],

[1.55570933359176, 1.55570933359179, 0.689373474697856],
[0.622283733436705, 0.622283733436716, 0.275749389879142],

Iteration #4
alpha 0.4
[(1.04187391794191, 1.17058326784727), (1.04187391794194, -1.17058326784728), (0.685019291134026, -5.745326649943E-14)],
[(0.416749567176763, 0.468233307138906), (0.416749567176776, -0.468233307138911), (0.27400771645361, -2.2981306599772E-14)],

[1.56708852585028, 1.56708852585031, 0.685019291134026],
[0.626835410340112, 0.626835410340124, 0.27400771645361],

Iteration #5
alpha 0.4
[(1.04182686119377, 1.17049923082241), (1.0418268611938, -1.17049923082242), (0.6851134046303, -5.77168563375222E-14)],
[(0.416730744477508, 0.468199692328963), (0.416730744477522, -0.468199692328968), (0.27404536185212, -2.30867425350089E-14)],

[1.56699446650609, 1.56699446650612, 0.6851134046303],
[0.626797786602437, 0.626797786602449, 0.27404536185212],

Iteration #6
alpha 0.4
[(1.04182685395538, 1.17049922843741), (1.04182685395541, -1.17049922843742), (0.685113419107087, -5.76919402936127E-14)],
[(0.416730741582151, 0.468199691374965), (0.416730741582164, -0.468199691374969), (0.274045367642835, -2.30767761174451E-14)],

[1.56699445991207, 1.5669944599121, 0.685113419107087],
[0.62679778396483, 0.626797783964842, 0.274045367642835],

(2.39449176524247, 9.14603784962921E-15)
