(0.489796466683396, 39.2389496081837)
Iteration #0
alpha 0.1
[],
[],

(1.90554635407606, -44.102638631498)
Iteration #0
alpha 0.2
[1],
[0.2],

(-4.85641132996517, -1.55414763005799)
(58.4020919597759, 121.193968203852)
Iteration #0
alpha 0.4
[0.998533413851124, 0.99413795715436, 0.986826522541526, 0.976620555710087, 0.963549992519223, 0.947653171182802, 0.928976719816792, 0.907575419670957, 0.883512044446023, 0.856857176167589, 0.827688998156891, 0.796093065705644, 0.762162055127636, 0.725995491923131, 0.687699458853423, 0.647386284781828, 0.605174215193765, 0.561187065362383, 0.515553857177022, 0.46840844069979, 0.419889101560265, 0.370138155339915, 0.31930153013598, 0.267528338529221, 0.214970440211024, 0.161781996552765, 0.108119018423942, 0.0541389085854176, 6.12303176911189E-17, 0.0541389085854173, 0.108119018423942, 0.161781996552765, 0.214970440211024, 0.267528338529221, 0.31930153013598, 0.370138155339914, 0.419889101560265, 0.46840844069979, 0.515553857177022, 0.561187065362382, 0.605174215193765, 0.647386284781828, 0.687699458853423, 0.725995491923131, 0.762162055127636, 0.796093065705644, 0.82768899815689, 0.856857176167589, 0.883512044446023, 0.907575419670957, 0.928976719816792, 0.947653171182803, 0.963549992519223, 0.976620555710087, 0.986826522541526, 0.99413795715436, 0.998533413851124, 1],
[0.39941336554045, 0.397655182861744, 0.394730609016611, 0.390648222284035, 0.385419997007689, 0.379061268473121, 0.371590687926717, 0.363030167868383, 0.353404817778409, 0.342742870467036, 0.331075599262756, 0.318437226282257, 0.304864822051055, 0.290398196769252, 0.275079783541369, 0.258954513912731, 0.242069686077506, 0.224474826144953, 0.206221542870809, 0.187363376279916, 0.167955640624106, 0.148055262135966, 0.127720612054392, 0.107011335411688, 0.0859881760844096, 0.0647127986211058, 0.0432476073695768, 0.021655563434167, 2.44921270764475E-17, 0.0216555634341669, 0.0432476073695767, 0.0647127986211059, 0.0859881760844096, 0.107011335411688, 0.127720612054392, 0.148055262135966, 0.167955640624106, 0.187363376279916, 0.206221542870809, 0.224474826144953, 0.242069686077506, 0.258954513912731, 0.275079783541369, 0.290398196769252, 0.304864822051055, 0.318437226282257, 0.331075599262756, 0.342742870467036, 0.353404817778409, 0.363030167868383, 0.371590687926717, 0.379061268473121, 0.385419997007689, 0.390648222284035, 0.394730609016611, 0.397655182861744, 0.39941336554045, 0.4],

(58.5807599316197, 590.698701058419)
Iteration #0
alpha 0.5
[0.998533413851124, 0.99413795715436, 0.986826522541526, 0.976620555710087, 0.963549992519223, 0.947653171182802, 0.928976719816792, 0.907575419670957, 0.883512044446023, 0.856857176167589, 0.827688998156891, 0.796093065705644, 0.762162055127636, 0.725995491923131, 0.687699458853423, 0.647386284781828, 0.605174215193765, 0.561187065362383, 0.515553857177022, 0.46840844069979, 0.419889101560265, 0.370138155339915, 0.31930153013598, 0.267528338529221, 0.214970440211024, 0.161781996552765, 0.108119018423942, 0.0541389085854176, 6.12303176911189E-17, 0.0541389085854173, 0.108119018423942, 0.161781996552765, 0.214970440211024, 0.267528338529221, 0.31930153013598, 0.370138155339914, 0.419889101560265, 0.46840844069979, 0.515553857177022, 0.561187065362382, 0.605174215193765, 0.647386284781828, 0.687699458853423, 0.725995491923131, 0.762162055127636, 0.796093065705644, 0.82768899815689, 0.856857176167589, 0.883512044446023, 0.907575419670957, 0.928976719816792, 0.947653171182803, 0.963549992519223, 0.976620555710087, 0.986826522541526, 0.99413795715436, 0.998533413851124, 1],
[0.499266706925562, 0.49706897857718, 0.493413261270763, 0.488310277855043, 0.481774996259611, 0.473826585591401, 0.464488359908396, 0.453787709835479, 0.441756022223011, 0.428428588083795, 0.413844499078445, 0.398046532852822, 0.381081027563818, 0.362997745961565, 0.343849729426712, 0.323693142390914, 0.302587107596883, 0.280593532681191, 0.257776928588511, 0.234204220349895, 0.209944550780132, 0.185069077669957, 0.15965076506799, 0.13376416926461, 0.107485220105512, 0.0808909982763823, 0.0540595092119709, 0.0270694542927088, 3.06151588455594E-17, 0.0270694542927086, 0.0540595092119709, 0.0808909982763824, 0.107485220105512, 0.13376416926461, 0.15965076506799, 0.185069077669957, 0.209944550780132, 0.234204220349895, 0.257776928588511, 0.280593532681191, 0.302587107596882, 0.323693142390914, 0.343849729426712, 0.362997745961565, 0.381081027563818, 0.398046532852822, 0.413844499078445, 0.428428588083795, 0.441756022223011, 0.453787709835479, 0.464488359908396, 0.473826585591401, 0.481774996259611, 0.488310277855043, 0.493413261270763, 0.49706897857718, 0.499266706925562, 0.5],

(-9.20654640587308, 31.4499416622244)
(-15.290876750007, -65.2867700006709)
(-6.73339246114186, 18.1462342228235)
(41.9063567678804, 94.9838079409666)
Iteration #0
alpha 0.9
[0.99706580118374, 0.988280423780349, 0.973695423877779, 0.953396392054931, 0.927502451102095, 0.896165556961056, 0.859569606987201, 0.817929360766718, 0.771489179821943, 0.720521593600787, 0.665325700165565, 0.606225410966638, 0.543567550001221, 0.477719818512263, 0.40906863717134, 0.338016878408503, 0.264981502196662, 0.190391109164668, 0.114683425398401, 0.0383027336900355, 0.0383027336900354, 0.1146834253984, 0.190391109164668, 0.264981502196662, 0.338016878408503, 0.40906863717134, 0.477719818512263, 0.543567550001221, 0.606225410966638, 0.665325700165565, 0.720521593600787, 0.771489179821943, 0.817929360766718, 0.859569606987201, 0.896165556961056, 0.927502451102095, 0.953396392054931, 0.973695423877779, 0.988280423780349, 0.997065801183741, 1],
[0.897359221065366, 0.889452381402314, 0.876325881490001, 0.858056752849438, 0.834752205991885, 0.80654900126495, 0.773612646288481, 0.736136424690046, 0.694340261839749, 0.648469434240708, 0.598793130149009, 0.545602869869974, 0.489210795001099, 0.429947836661037, 0.368161773454206, 0.304215190567652, 0.238483351976995, 0.171351998248202, 0.10321508285856, 0.0344724603210319, 0.0344724603210318, 0.10321508285856, 0.171351998248201, 0.238483351976995, 0.304215190567653, 0.368161773454206, 0.429947836661036, 0.489210795001099, 0.545602869869974, 0.598793130149009, 0.648469434240708, 0.694340261839749, 0.736136424690046, 0.773612646288481, 0.80654900126495, 0.834752205991885, 0.858056752849438, 0.876325881490001, 0.889452381402314, 0.897359221065366, 0.9],

(-41.0583319503999, 559.804403503281)
(-1.56543682066394, 70.1373277393602)
(1.83853280311654, -5.19007565754071)
Iteration #0
alpha 2.1
[1],
[2.1],

(-18.2370671123576, 212.666769125337)
(-1.40501583963352, -18.6915124834584)
(3.77323841717313, -30.9901332370666)
Iteration #0
alpha 5.1
[0.5, 0.5, 1],
[2.55, 2.55, 5.1],

(0.695155749659596, -17.3253732003358)
Iteration #0
alpha 6.1
[],
[],

(31.9885088843793, -24.0497591898809)
Iteration #0
alpha 7.1
[0.994869323391895, 0.979529941252494, 0.954139256400049, 0.918957811620231, 0.874346616144582, 0.820763441207276, 0.758758122692791, 0.688966919075687, 0.612105982547663, 0.528964010326962, 0.440394151557634, 0.34730525284482, 0.250652532258721, 0.151427777504577, 0.050649168838713, 0.0506491688387126, 0.151427777504577, 0.25065253225872, 0.34730525284482, 0.440394151557634, 0.528964010326963, 0.612105982547662, 0.688966919075686, 0.758758122692791, 0.820763441207276, 0.874346616144582, 0.918957811620231, 0.954139256400049, 0.979529941252494, 0.994869323391895, 1],
[7.06357219608246, 6.95466258289271, 6.77438872044035, 6.52460046250364, 6.20786097462653, 5.82742043257166, 5.38718267111881, 4.89166512543737, 4.34595247608841, 3.75564447332143, 3.1267984760592, 2.46586729519822, 1.77963297903692, 1.07513722028249, 0.359609098754862, 0.35960909875486, 1.0751372202825, 1.77963297903691, 2.46586729519822, 3.1267984760592, 3.75564447332143, 4.3459524760884, 4.89166512543737, 5.38718267111881, 5.82742043257166, 6.20786097462653, 6.52460046250364, 6.77438872044035, 6.95466258289271, 7.06357219608245, 7.1],

(-18.4842420204188, -253.893949142023)
(-1.45582766998086, 16.5738667119407)
(1.10096570158699, -6.35139131374604)
Iteration #0
alpha 10.1
[1],
[10.1],

(2.41976435349637, 7.47290930536755)
Iteration #0
alpha 11.1
[6.12303176911189E-17, 1],
[6.79656526371419E-16, 11.1],

(-0.593333194705048, -11.3107925849837)
(-1.29974463838581, 12.8303747266555)
(0.450920572519317, 17.4937507788129)
Iteration #0
alpha 14.1
[],
[],

(-1.53801290993552, -10.2028446347628)
(1.77504419257594, -21.3761696698111)
Iteration #0
alpha 16.1
[1],
[16.1],

(-1.51544276312129, -5.0883216844689)
(3.39547254434027, -33.0711653205083)
Iteration #0
alpha 18.1
[0.5, 0.5, 1],
[9.05, 9.05, 18.1],

(-2.81379894087942, -5.11599261318495)
