(1.98565897158709, -3.23611149007854E-15)
Iteration #0
alpha 0.1
[(2, -2.44909024700937E-16)],
[(0.2, -2.44909024700937E-17)],

[2],
[0.2],

Iteration #1
alpha 0.1
[(2.15627395822419, -2.14948173321696E-15)],
[(0.215627395822419, -2.14948173321696E-16)],

[2.15627395822419],
[0.215627395822419],

Iteration #2
alpha 0.1
[(2.15627395822419, -2.14948173321696E-15)],
[(0.215627395822419, -2.14948173321696E-16)],

[2.15627395822419],
[0.215627395822419],

(1.91866961443159, -2.11505653794657E-15)
Iteration #0
alpha 0.2
[(2, -2.44909024700937E-16)],
[(0.4, -4.89818049401874E-17)],

[2],
[0.4],

Iteration #1
alpha 0.2
[(1.96059495355024, -3.49108830073157E-15)],
[(0.392118990710048, -6.98217660146313E-16)],

[1.96059495355024],
[0.392118990710048],

Iteration #2
alpha 0.2
[(1.96059495355024, -3.49108830073157E-15)],
[(0.392118990710048, -6.98217660146313E-16)],

[1.96059495355024],
[0.392118990710048],

