(0.682214876472464, 1.81640621503757)
Iteration #0
alpha 0.1
[],
[],

(-1.359031175988, 0.585243285161834)
(1.20255255344297, -1.47133289157752)
Iteration #0
alpha 0.3
[3],
[0.9],

(0.949103300172985, 0.505954031345479)
Iteration #0
alpha 0.4
[],
[],

(-0.851174099617564, 0.645226640544465)
(0.889511058079116, 0.977325929376814)
Iteration #0
alpha 0.6
[],
[],

(-1.48031026907384, 0.00920522240152877)
(-0.901711631730278, 0.292367935430001)
(-2.80167325795995, 0.858828417820094)
(-1.78573060509027, -0.730517657083547)
(3.92483018635498, -2.57937385212052)
Iteration #0
alpha 1.1
[2.29128784747792, 2.29128784747792, 3],
[2.52041663222571, 2.52041663222571, 3.3],

(-0.0940846170192371, -0.0513772174495653)
(-3.57177533876569, 0.0605139622972142)
(-5.02958795516145, -0.204796578943066)
(1.24165563883542, -3.04476794742516)
Iteration #0
alpha 5.1
[3],
[15.3],

(0.463984152258347, -0.498491806096477)
Iteration #0
alpha 6.1
[],
[],

(0.829432663231219, 2.27732447747711)
Iteration #0
alpha 7.1
[],
[],

(-1.01179602474243, -0.243542407798329)
(-1.23300283939309, -3.20641931399067)
(0.332723957334641, 0.9373589805609)
Iteration #0
alpha 10.1
[],
[],

(4.29388967525924, 0.841931671126921)
Iteration #0
alpha 11.1
[2.54950975679639, 2, 2.54950975679639, 3],
[28.29955830044, 22.2, 28.29955830044, 33.3],

(1.67297040232886, -1.5402334847509)
Iteration #0
alpha 12.1
[3],
[36.3],

(-0.0199481685388665, -1.72362002734092)
(-4.24972719395277, 1.61285977437048)
(0.402815915504771, 1.82800462400657)
Iteration #0
alpha 15.1
[],
[],

(-0.71236299380267, 0.192816238895953)
(6.27372136954425, -0.237078920510931)
Iteration #0
alpha 17.1
[2.78388218141501, 2.29128784747792, 2, 2.29128784747792, 2.78388218141501, 3],
[47.6043853021967, 39.1810221918724, 34.2, 39.1810221918724, 47.6043853021967, 51.3],

(-0.246605593627491, -2.66551794316549)
(-4.82359984589592, -0.736902715554231)
