(8.43774058747978, 1.34760343674921E-09)
Iteration #0
alpha 0.1
[(2.56067481644076, 1.06062481644076), (1.50005, 1.49995), (0.439425183559238, 1.06062481644076), (0.000100000000000211, 1.83684830041587E-16), (0.439425183559238, -1.06062481644076), (1.50005, -1.49995), (2.56067481644076, -1.06062481644076), (3, -3.67369660083175E-16)],
[(0.256067481644076, 0.106062481644076), (0.150005, 0.149995), (0.0439425183559238, 0.106062481644076), (1.00000000000211E-05, 1.83684830041587E-17), (0.0439425183559238, -0.106062481644076), (0.150005, -0.149995), (0.256067481644076, -0.106062481644076), (0.3, -3.67369660083175E-17)],

[2.77163859779805, 2.12132034473815, 1.14805030081267, 0.000100000000000211, 1.14805030081267, 2.12132034473815, 2.77163859779805, 3],
[0.277163859779805, 0.212132034473815, 0.114805030081267, 1.00000000000211E-05, 0.114805030081267, 0.212132034473815, 0.277163859779805, 0.3],

Iteration #1
alpha 0.1
[(2.98789081111146, 0.817409805588891), (1.64571421184046, 1.65528848333447), (0.301612150408652, 0.949194851389357), (0.518363083988322, 6.44036156067482E-10), (0.301612150798826, -0.949194850982146), (1.64571421254503, -1.65528848352854), (2.98789081119023, -0.817409805688454), (2.91001435375926, -3.31201941527921E-11)],
[(0.298789081111146, 0.0817409805588891), (0.164571421184046, 0.165528848333447), (0.0301612150408652, 0.0949194851389357), (0.0518363083988322, 6.44036156067483E-11), (0.0301612150798826, -0.0949194850982146), (0.164571421254503, -0.165528848352854), (0.298789081119023, -0.0817409805688454), (0.291001435375926, -3.31201941527921E-12)],

[3.09768466590729, 2.33417120839783, 0.995962225778766, 0.518363083988322, 0.995962225508836, 2.33417120903221, 3.09768466600954, 2.91001435375926],
[0.309768466590729, 0.233417120839783, 0.0995962225778766, 0.0518363083988322, 0.0995962225508836, 0.233417120903221, 0.309768466600954, 0.291001435375926],

Iteration #2
alpha 0.1
[(2.86344754442305, 1.04024079097196), (1.56221090962968, 1.6004949505646), (0.161689357304981, 0.952420570786034), (0.9356775969522, 2.32923890596947E-09), (0.161689357222533, -0.952420570998691), (1.5622109099373, -1.6004949509925), (2.86344754377713, -1.04024079097933), (3.18843856639493, -9.57695215266518E-10)],
[(0.286344754442305, 0.104024079097196), (0.156221090962968, 0.16004949505646), (0.0161689357304981, 0.0952420570786034), (0.09356775969522, 2.32923890596947E-10), (0.0161689357222533, -0.0952420570998691), (0.15622109099373, -0.16004949509925), (0.286344754377714, -0.104024079097933), (0.318843856639493, -9.57695215266518E-11)],

[3.04654439371304, 2.23653459909494, 0.96604782072219, 0.9356775969522, 0.966047820918047, 2.23653459961603, 3.04654439310846, 3.18843856639493],
[0.304654439371304, 0.223653459909494, 0.096604782072219, 0.09356775969522, 0.0966047820918047, 0.223653459961603, 0.304654439310846, 0.318843856639493],

Iteration #3
alpha 0.1
[(2.92434856670182, 1.01654697992354), (1.54886859182879, 1.61032749638886), (0.171894654113993, 0.98121965121057), (0.944645530189636, 2.52157097158479E-09), (0.171894654428965, -0.981219651370012), (1.54886859216003, -1.61032749705989), (2.92434856634785, -1.01654698025554), (3.06394262987192, -6.33603876025573E-10)],
[(0.292434856670182, 0.101654697992354), (0.154886859182879, 0.161032749638886), (0.0171894654113993, 0.098121965121057), (0.0944645530189636, 2.52157097158479E-10), (0.0171894654428965, -0.0981219651370012), (0.154886859216003, -0.161032749705989), (0.292434856634785, -0.101654698025554), (0.306394262987192, -6.33603876025573E-11)],

[3.09599455780573, 2.23431165247369, 0.996162524909848, 0.944645530189636, 0.996162525121248, 2.23431165318694, 3.09599455758039, 3.06394262987192],
[0.309599455780573, 0.223431165247369, 0.0996162524909848, 0.0944645530189636, 0.0996162525121248, 0.223431165318694, 0.309599455758039, 0.306394262987192],

Iteration #4
alpha 0.1
[(2.92829435173472, 1.01912197153349), (1.54880319676787, 1.60927990372802), (0.170270621053635, 0.980564762307555), (0.953236815504985, 2.55190574777295E-09), (0.170270621375412, -0.980564762499536), (1.548803197123, -1.60927990440461), (2.92829435135454, -1.01912197193592), (3.05083863072814, -5.55687219860328E-10)],
[(0.292829435173472, 0.101912197153349), (0.154880319676787, 0.160927990372802), (0.0170270621053635, 0.0980564762307555), (0.0953236815504985, 2.55190574777295E-10), (0.0170270621375412, -0.0980564762499536), (0.1548803197123, -0.160927990440461), (0.292829435135454, -0.101912197193592), (0.305083863072814, -5.55687219860328E-11)],

[3.10056727120438, 2.23351139483577, 0.995238331995539, 0.953236815504985, 0.995238332239741, 2.23351139556952, 3.1005672709776, 3.05083863072814],
[0.310056727120438, 0.223351139483577, 0.0995238331995539, 0.0953236815504985, 0.0995238332239741, 0.223351139556952, 0.31005672709776, 0.305083863072814],

Iteration #5
alpha 0.1
[(2.92830966006199, 1.01908960244165), (1.5488083578451, 1.60925626437153), (0.170266606758149, 0.980559904340436), (0.953374246358694, 2.55028561566224E-09), (0.17026660708049, -0.980559904532142), (1.54880835820101, -1.60925626504836), (2.9283096596825, -1.01908960284432), (3.05066828965436, -5.53868083317864E-10)],
[(0.292830966006199, 0.101908960244165), (0.15488083578451, 0.160925626437153), (0.0170266606758149, 0.0980559904340436), (0.0953374246358694, 2.55028561566224E-10), (0.017026660708049, -0.0980559904532142), (0.154880835820101, -0.160925626504836), (0.29283096596825, -0.101908960284432), (0.305066828965436, -5.53868083317864E-11)],

[3.1005710898183, 2.23349794129072, 0.995232858871259, 0.953374246358694, 0.995232859115285, 2.23349794202518, 3.10057108959225, 3.05066828965436],
[0.31005710898183, 0.223349794129072, 0.0995232858871259, 0.0953374246358694, 0.0995232859115285, 0.223349794202518, 0.310057108959225, 0.305066828965436],

(8.53731105608012, -2.19909047858636E-09)
Iteration #0
alpha 0.2
[(2.56067481644076, 1.06062481644076), (1.50005, 1.49995), (0.439425183559238, 1.06062481644076), (0.000100000000000211, 1.83684830041587E-16), (0.439425183559238, -1.06062481644076), (1.50005, -1.49995), (2.56067481644076, -1.06062481644076), (3, -3.67369660083175E-16)],
[(0.512134963288152, 0.212124963288152), (0.30001, 0.29999), (0.0878850367118477, 0.212124963288152), (2.00000000000422E-05, 3.67369660083175E-17), (0.0878850367118476, -0.212124963288152), (0.30001, -0.29999), (0.512134963288152, -0.212124963288152), (0.6, -7.3473932016635E-17)],

[2.77163859779805, 2.12132034473815, 1.14805030081267, 0.000100000000000211, 1.14805030081267, 2.12132034473815, 2.77163859779805, 3],
[0.554327719559609, 0.424264068947631, 0.229610060162535, 2.00000000000422E-05, 0.229610060162535, 0.424264068947631, 0.55432771955961, 0.6],

Iteration #1
alpha 0.2
[(3.0003105871817, 0.834412390671091), (1.65881070230278, 1.66366247499822), (0.317889237839542, 0.958836097006177), (0.569710618163289, -1.21804089518585E-09), (0.317889237293922, -0.958836098009634), (1.6588107012194, -1.66366247549693), (3.00031058693393, -0.83441239090575), (2.91237893872011, -1.16256603489032E-10)],
[(0.600062117436341, 0.166882478134218), (0.331762140460555, 0.332732494999644), (0.0635778475679084, 0.191767219401235), (0.113942123632658, -2.43608179037171E-10), (0.0635778474587845, -0.191767219601927), (0.331762140243881, -0.332732495099385), (0.600062117386786, -0.16688247818115), (0.582475787744023, -2.32513206978064E-11)],

[3.11417848834328, 2.34934581890181, 1.01015851649939, 0.569710618163289, 1.01015851728016, 2.34934581849003, 3.11417848816745, 2.91237893872011],
[0.622835697668657, 0.469869163780362, 0.202031703299878, 0.113942123632658, 0.202031703456032, 0.469869163698005, 0.622835697633489, 0.582475787744023],

Iteration #2
alpha 0.2
[(2.86799209937283, 1.02279100939178), (1.56607477465763, 1.59422129899883), (0.147153959009239, 0.939710659852889), (1.1500402764201, -5.35029007688277E-09), (0.147153959606428, -0.939710659263962), (1.5660747743588, -1.5942212988425), (2.8679921004962, -1.02279100945085), (3.12362866573423, 1.5934147171027E-09)],
[(0.573598419874566, 0.204558201878355), (0.313214954931527, 0.318844259799767), (0.0294307918018478, 0.187942131970578), (0.23000805528402, -1.07005801537656E-09), (0.0294307919212857, -0.187942131852792), (0.31321495487176, -0.318844259768501), (0.573598420099239, -0.204558201890169), (0.624725733146847, 3.18682943420541E-10)],

[3.04491052922046, 2.23475541167272, 0.95116266321447, 1.1500402764201, 0.951162662725026, 2.23475541135178, 3.0449105302984, 3.12362866573423],
[0.608982105844092, 0.446951082334543, 0.190232532642894, 0.23000805528402, 0.190232532545005, 0.446951082270356, 0.60898210605968, 0.624725733146847],

Iteration #3
alpha 0.2
[(2.9164200300541, 1.01704821396909), (1.5407643928429, 1.60742323636804), (0.163341929256691, 0.990592382226726), (1.16880449128114, -5.77861346948148E-09), (0.163341928696002, -0.99059238202394), (1.54076439234145, -1.60742323555951), (2.91642003055777, -1.01704821333952), (3.02625341462491, 1.06716913065744E-09)],
[(0.58328400601082, 0.203409642793817), (0.308152878568579, 0.321484647273608), (0.0326683858513383, 0.198118476445345), (0.233760898256228, -1.1557226938963E-09), (0.0326683857392004, -0.198118476404788), (0.308152878468289, -0.321484647111902), (0.583284006111554, -0.203409642667905), (0.605250682924982, 2.13433826131487E-10)],

[3.08867169852001, 2.22660377594857, 1.00396905011007, 1.16880449128114, 1.00396904981877, 2.22660377501789, 3.08867169878828, 3.02625341462491],
[0.617734339704002, 0.445320755189715, 0.200793810022014, 0.233760898256228, 0.200793809963753, 0.445320755003578, 0.617734339757656, 0.605250682924982],

Iteration #4
alpha 0.2
[(2.91701031792107, 1.0175576950025), (1.54023796827769, 1.60715420387139), (0.159009810796834, 0.990050640572651), (1.18630691351139, -6.10206701553245E-09), (0.159009810223773, -0.990050640187271), (1.5402379677158, -1.60715420302452), (2.91701031854145, -1.01755769426734), (3.01728750266674, 1.06423439382781E-09)],
[(0.583402063584215, 0.203511539000499), (0.308047593655537, 0.321430840774277), (0.0318019621593668, 0.19801012811453), (0.237261382702279, -1.22041340310649E-09), (0.0318019620447546, -0.198010128037454), (0.30804759354316, -0.321430840604905), (0.583402063708291, -0.203511538853468), (0.603457500533348, 2.12846878765561E-10)],

[3.08939684364388, 2.22604529018294, 1.00273844587109, 1.18630691351139, 1.00273844539971, 2.22604528918274, 3.08939684398751, 3.01728750266674],
[0.617879368728777, 0.445209058036588, 0.200547689174217, 0.237261382702279, 0.200547689079942, 0.445209057836549, 0.617879368797502, 0.603457500533348],

Iteration #5
alpha 0.2
[(2.91702091815329, 1.01754640417075), (1.54023781580442, 1.60715560701535), (0.159029905088247, 0.990076203761303), (1.18634155791922, -6.10033947354709E-09), (0.159029904513421, -0.990076203378106), (1.54023781524165, -1.60715560616866), (2.91702091877338, -1.01754640343536), (3.01719177416113, 1.06462992405128E-09)],
[(0.583404183630657, 0.20350928083415), (0.308047563160883, 0.32143112140307), (0.0318059810176493, 0.198015240752261), (0.237268311583845, -1.22006789470942E-09), (0.0318059809026842, -0.198015240675621), (0.30804756304833, -0.321431121233732), (0.583404183754677, -0.203509280687072), (0.603438354832227, 2.12925984810256E-10)],

[3.08940313354937, 2.22604619772251, 1.00276687219252, 1.18634155791922, 1.00276687172301, 2.22604619672183, 3.08940313389265, 3.01719177416113],
[0.617880626709874, 0.445209239544502, 0.200553374438504, 0.237268311583845, 0.200553374344602, 0.445209239344366, 0.617880626778531, 0.603438354832227],

(8.47624681491901, -4.89240685626056E-10)
Iteration #0
alpha 0.3
[(2.56067481644076, 1.06062481644076), (1.50005, 1.49995), (0.439425183559238, 1.06062481644076), (0.000100000000000211, 1.83684830041587E-16), (0.439425183559238, -1.06062481644076), (1.50005, -1.49995), (2.56067481644076, -1.06062481644076), (3, -3.67369660083175E-16)],
[(0.768202444932229, 0.318187444932229), (0.450015, 0.449985), (0.131827555067771, 0.318187444932229), (3.00000000000633E-05, 5.51054490124763E-17), (0.131827555067771, -0.318187444932229), (0.450015, -0.449985), (0.768202444932229, -0.318187444932229), (0.9, -1.10210898024953E-16)],

[2.77163859779805, 2.12132034473815, 1.14805030081267, 0.000100000000000211, 1.14805030081267, 2.12132034473815, 2.77163859779805, 3],
[0.831491579339414, 0.636396103421446, 0.344415090243802, 3.00000000000633E-05, 0.344415090243802, 0.636396103421446, 0.831491579339414, 0.9],

Iteration #1
alpha 0.3
[(2.98227935747861, 0.816873487212416), (1.63284011559852, 1.6562186344842), (0.289972456896403, 0.9514604261681), (0.525215491552957, -5.94440212688321E-10), (0.289972457002976, -0.951460427032182), (1.63284011547885, -1.65621863628396), (2.98227935725475, -0.816873488078269), (2.9040318480186, -3.89697840779417E-10)],
[(0.894683807243582, 0.245062046163725), (0.489852034679555, 0.496865590345261), (0.086991737068921, 0.28543812785043), (0.157564647465887, -1.78332063806496E-10), (0.086991737100893, -0.285438128109655), (0.489852034643655, -0.496865590885189), (0.894683807176425, -0.245062046423481), (0.87120955440558, -1.16909352233825E-10)],

[3.09213073141379, 2.3257744964464, 0.994666259768833, 0.525215491552957, 0.99466626062645, 2.32577449764402, 3.09213073142663, 2.9040318480186],
[0.927639219424138, 0.697732348933919, 0.29839987793065, 0.157564647465887, 0.298399878187935, 0.697732349293206, 0.927639219427988, 0.87120955440558],

Iteration #2
alpha 0.3
[(2.86257777461677, 1.03714189375598), (1.55197044916334, 1.60144195089134), (0.154226995499198, 0.965468435859296), (0.927068324608603, -3.1244267987145E-09), (0.154226996573184, -0.965468435573126), (1.55197044938018, -1.60144195216803), (2.86257777465852, -1.03714189392849), (3.17481243478148, -2.24365717355184E-10)],
[(0.858773332385032, 0.311142568126793), (0.465591134749003, 0.480432585267401), (0.0462680986497593, 0.289640530757789), (0.278120497382581, -9.3732803961435E-10), (0.0462680989719551, -0.289640530671938), (0.465591134814053, -0.480432585650409), (0.858773332397555, -0.311142568178548), (0.952443730434445, -6.73097152065553E-11)],

[3.04466990386703, 2.23007367527419, 0.977709193360329, 0.927068324608603, 0.977709193247156, 2.2300736763419, 3.04466990396504, 3.17481243478148],
[0.913400971160108, 0.669022102582256, 0.293312758008099, 0.278120497382581, 0.293312757974147, 0.669022102902569, 0.913400971189512, 0.952443730434445],

Iteration #3
alpha 0.3
[(2.9206313358122, 1.0123680236558), (1.53855026355991, 1.60965104791141), (0.164789831274939, 0.989103825554487), (0.939495967887984, -3.02614655274127E-09), (0.164789831591293, -0.989103825432708), (1.53855026357751, -1.60965104892887), (2.92063133546977, -1.01236802393422), (3.05199237010766, -3.12858133060577E-10)],
[(0.87618940074366, 0.303710407096739), (0.461565079067972, 0.482895314373423), (0.0494369493824817, 0.296731147666346), (0.281848790366395, -9.07843965822382E-10), (0.0494369494773879, -0.296731147629813), (0.461565079073254, -0.48289531467866), (0.876189400640932, -0.303710407180265), (0.915597711032297, -9.38574399181731E-11)],

[3.09111248825547, 2.22668215278754, 1.00273728673972, 0.939495967887984, 1.00273728667159, 2.22668215353522, 3.09111248802311, 3.05199237010766],
[0.92733374647664, 0.668004645836262, 0.300821186021917, 0.281848790366395, 0.300821186001477, 0.668004646060566, 0.927333746406933, 0.915597711032297],

Iteration #4
alpha 0.3
[(2.92481427718567, 1.01494320041791), (1.53858719908686, 1.60882327890995), (0.163630462929949, 0.988679109861419), (0.946036384069253, -3.13882315913008E-09), (0.163630463252119, -0.988679109677682), (1.53858719911217, -1.60882327992382), (2.9248142768638, -1.01494320062557), (3.03933093678182, -3.36510197465199E-10)],
[(0.8774442831557, 0.304482960125374), (0.461576159726059, 0.482646983672984), (0.0490891388789847, 0.296603732958426), (0.283810915220776, -9.41646947739023E-10), (0.0490891389756358, -0.296603732903305), (0.461576159733653, -0.482646983977145), (0.877444283059141, -0.304482960187672), (0.911799281034547, -1.0095305923956E-10)],

[3.09590830873649, 2.2261093665758, 1.00212839031485, 0.946036384069253, 1.00212839018619, 2.22610936732603, 3.0959083085005, 3.03933093678182],
[0.928772492620949, 0.66783280997274, 0.300638517094456, 0.283810915220776, 0.300638517055856, 0.667832810197808, 0.928772492550149, 0.911799281034547],

Iteration #5
alpha 0.3
[(2.92482590545555, 1.0149150105151), (1.53859289466165, 1.6088003963489), (0.163626670157552, 0.98867127767065), (0.94616120285623, -3.13852284450271E-09), (0.163626670479125, -0.988671277487046), (1.53859289468661, -1.6088003973626), (2.92482590513374, -1.01491501072306), (3.03917905585126, -3.36542007058211E-10)],
[(0.877447771636664, 0.30447450315453), (0.461577868398496, 0.482640118904671), (0.0490880010472657, 0.296601383301195), (0.283848360856869, -9.41556853350813E-10), (0.0490880011437376, -0.296601383246114), (0.461577868405983, -0.48264011920878), (0.877447771540123, -0.304474503216919), (0.911753716755379, -1.00962602117463E-10)],

[3.09591005292349, 2.22609676582033, 1.00212004394572, 0.94616120285623, 1.00212004381708, 2.22609676657017, 3.09591005268765, 3.03917905585126],
[0.928773015877047, 0.667829029746098, 0.300636013183715, 0.283848360856869, 0.300636013145125, 0.667829029971052, 0.928773015806294, 0.911753716755379],

(8.45951365895804, 3.18038056182796E-08)
Iteration #0
alpha 0.4
[(2.56067481644076, 1.06062481644076), (1.50005, 1.49995), (0.439425183559238, 1.06062481644076), (0.000100000000000211, 1.83684830041587E-16), (0.439425183559238, -1.06062481644076), (1.50005, -1.49995), (2.56067481644076, -1.06062481644076), (3, -3.67369660083175E-16)],
[(1.0242699265763, 0.424249926576305), (0.60002, 0.59998), (0.175770073423695, 0.424249926576305), (4.00000000000844E-05, 7.3473932016635E-17), (0.175770073423695, -0.424249926576305), (0.60002, -0.59998), (1.0242699265763, -0.424249926576305), (1.2, -1.4694786403327E-16)],

[2.77163859779805, 2.12132034473815, 1.14805030081267, 0.000100000000000211, 1.14805030081267, 2.12132034473815, 2.77163859779805, 3],
[1.10865543911922, 0.848528137895262, 0.459220120325069, 4.00000000000844E-05, 0.459220120325069, 0.848528137895261, 1.10865543911922, 1.2],

Iteration #1
alpha 0.4
[(2.96191787920988, 0.820863723752479), (1.62085915918112, 1.65573609664705), (0.272627916785657, 0.947554017953451), (0.505091333718224, 1.55742987486914E-08), (0.272627925869416, -0.947554008038707), (1.6208591750069, -1.6557360989268), (2.96191788134602, -0.820863724981623), (2.8890224948333, -3.07508839329494E-10)],
[(1.18476715168395, 0.328345489500992), (0.648343663672447, 0.662294438658821), (0.109051166714263, 0.379021607181381), (0.20203653348729, 6.22971949947658E-09), (0.109051170347766, -0.379021603215483), (0.648343670002761, -0.662294439570722), (1.18476715253841, -0.328345489992649), (1.15560899793332, -1.23003535731797E-10)],

[3.07356060232362, 2.31703397377797, 0.985994218010743, 0.505091333718225, 0.985994210994201, 2.31703398647784, 3.07356060471044, 2.8890224948333],
[1.22942424092945, 0.926813589511189, 0.394397687204297, 0.20203653348729, 0.39439768439768, 0.926813594591137, 1.22942424188418, 1.15560899793332],

Iteration #2
alpha 0.4
[(2.85890294745279, 1.03771255548566), (1.54776942606638, 1.60721792857625), (0.154989337737436, 0.978718169021036), (0.829797761313035, 5.4469747170686E-08), (0.154989335264799, -0.978718173894136), (1.54776943306366, -1.60721793616982), (2.85890293377232, -1.03771255584835), (3.15180259128034, -1.99656708093814E-08)],
[(1.14356117898112, 0.415085022194265), (0.619107770426553, 0.6428871714305), (0.0619957350949742, 0.391487267608414), (0.331919104525214, 2.17878988682744E-08), (0.0619957341059196, -0.391487269557654), (0.619107773225465, -0.642887174467929), (1.14356117350893, -0.41508502233934), (1.26072103651214, -7.98626832375256E-09)],

[3.04140977356995, 2.231308958034, 0.990914198699452, 0.829797761313036, 0.990914203125829, 2.23130896835741, 3.04140976083416, 3.15180259128034],
[1.21656390942798, 0.892523583213601, 0.396365679479781, 0.331919104525215, 0.396365681250332, 0.892523587342963, 1.21656390433366, 1.26072103651214],

Iteration #3
alpha 0.4
[(2.91151119852355, 1.00908472470558), (1.5380020393095, 1.61243950239324), (0.163583422017131, 0.991090039877474), (0.844486940571867, 5.77358131993891E-08), (0.163583427416471, -0.991090043856244), (1.53800204671666, -1.61243951484598), (2.91151119117049, -1.00908473113107), (3.03424350022476, -1.32056416466617E-08)],
[(1.16460447940942, 0.403633889882231), (0.615200815723799, 0.644975800957298), (0.0654333688068526, 0.39643601595099), (0.337794776228747, 2.30943252797556E-08), (0.0654333709665886, -0.396436017542497), (0.615200818686663, -0.644975805938392), (1.1646044764682, -0.403633892452429), (1.2136974000899, -5.2822566586647E-09)],

[3.08142003640564, 2.22832031400298, 1.00449937934434, 0.844486940571869, 1.00449938414928, 2.2283203281264, 3.08142003156221, 3.03424350022476],
[1.23256801456226, 0.891328125601193, 0.401799751737737, 0.337794776228748, 0.401799753659714, 0.891328131250562, 1.23256801262489, 1.2136974000899],

Iteration #4
alpha 0.4
[(2.91604285621003, 1.01160782947917), (1.5380799158057, 1.61189288909333), (0.163179149116948, 0.990839546462127), (0.847728327153807, 5.77860843057143E-08), (0.163179154697652, -0.990839550747657), (1.53807992354864, -1.61189290154495), (2.91604284849657, -1.01160783737409), (3.0225915909212, -1.14805893432292E-08)],
[(1.16641714248401, 0.404643131791666), (0.61523196632228, 0.644757155637334), (0.0652716596467794, 0.396335818584851), (0.339091330861523, 2.31144337222857E-08), (0.0652716618790608, -0.396335820299063), (0.615231969419455, -0.644757160617979), (1.16641713939863, -0.404643134949637), (1.20903663636848, -4.5922357372917E-09)],

[3.08652820170449, 2.22797857110757, 1.00418645755647, 0.847728327153809, 1.00418646269189, 2.22797858546135, 3.08652819700463, 3.0225915909212],
[1.23461128068179, 0.891191428443028, 0.401674583022587, 0.339091330861524, 0.401674585076757, 0.891191434184541, 1.23461127880185, 1.20903663636848],

Iteration #5
alpha 0.4
[(2.91604743301581, 1.01158726344132), (1.53808696404118, 1.61187212110039), (0.163175670364178, 0.990828478672136), (0.847827460354097, 5.77620550061355E-08), (0.163175675953549, -0.9908284829557), (1.53808697179688, -1.61187213355729), (2.91604742530951, -1.01158727134008), (3.02247616511538, -1.14494930083698E-08)],
[(1.16641897320632, 0.40463490537653), (0.615234785616474, 0.644748848440155), (0.0652702681456714, 0.396331391468854), (0.339130984141639, 2.31048220024542E-08), (0.0652702703814195, -0.39633139318228), (0.615234788718751, -0.644748853422916), (1.1664189701238, -0.404634908536033), (1.20899046604615, -4.57979720334793E-09)],

[3.08652578527295, 2.22796841174512, 1.00417497157942, 0.847827460354099, 1.00417497671431, 2.22796842611151, 3.08652578058106, 3.02247616511538],
[1.23461031410918, 0.89118736469805, 0.40166998863177, 0.339130984141639, 0.401669990685725, 0.891187370444606, 1.23461031223242, 1.20899046604615],

(8.45879125326387, 1.22381650737991E-07)
Iteration #0
alpha 0.5
[(2.56067481644076, 1.06062481644076), (1.50005, 1.49995), (0.439425183559238, 1.06062481644076), (0.000100000000000211, 1.83684830041587E-16), (0.439425183559238, -1.06062481644076), (1.50005, -1.49995), (2.56067481644076, -1.06062481644076), (3, -3.67369660083175E-16)],
[(1.28033740822038, 0.530312408220381), (0.750025, 0.749975), (0.219712591779619, 0.530312408220381), (5.00000000001055E-05, 9.18424150207937E-17), (0.219712591779619, -0.530312408220381), (0.750025, -0.749975), (1.28033740822038, -0.530312408220381), (1.5, -1.83684830041587E-16)],

[2.77163859779805, 2.12132034473815, 1.14805030081267, 0.000100000000000211, 1.14805030081267, 2.12132034473815, 2.77163859779805, 3],
[1.38581929889902, 1.06066017236908, 0.574025150406337, 5.00000000001055E-05, 0.574025150406337, 1.06066017236908, 1.38581929889902, 1.5],

Iteration #1
alpha 0.5
[(2.96321586635114, 0.816539602867153), (1.61791268387664, 1.65320412806794), (0.266538399828239, 0.943017408987573), (0.499960446876552, 4.83105898739913E-08), (0.266538441199524, -0.943017396527921), (1.61791274496075, -1.65320419114778), (2.9632158682705, -0.816539633570158), (2.89103901638916, -1.28753651119939E-08)],
[(1.48160793317557, 0.408269801433577), (0.80895634193832, 0.82660206403397), (0.133269199914119, 0.471508704493786), (0.249980223438276, 2.41552949369956E-08), (0.133269220599762, -0.47150869826396), (0.808956372480377, -0.826602095573888), (1.48160793413525, -0.408269816785079), (1.44551950819458, -6.43768255599694E-09)],

[3.07365990207856, 2.31316349221359, 0.979961505487146, 0.499960446876554, 0.979961504749738, 2.31316358002088, 3.07365991208542, 2.89103901638916],
[1.53682995103928, 1.1565817461068, 0.489980752743573, 0.249980223438277, 0.489980752374869, 1.15658179001044, 1.53682995604271, 1.44551950819458],

Iteration #2
alpha 0.5
[(2.8590559369588, 1.04179203308966), (1.54645392963898, 1.60701804900389), (0.152437398898229, 0.981783660239195), (0.79997748030643, 1.36683514915361E-07), (0.152437421156251, -0.981783674716214), (1.54645396332899, -1.60701811852709), (2.85905587801034, -1.04179203812063), (3.17046145945428, -9.35400294982945E-08)],
[(1.4295279684794, 0.520896016544832), (0.773226964819491, 0.803509024501946), (0.0762186994491145, 0.490891830119597), (0.399988740153215, 6.83417574576804E-08), (0.0762187105781253, -0.490891837358107), (0.773226981664494, -0.803509059263544), (1.42952793900517, -0.520896019060314), (1.58523072972714, -4.67700147491473E-08)],

[3.0429478291401, 2.23025262387922, 0.99354733963487, 0.799977480306441, 0.993547357355472, 2.23025269733505, 3.04294777547644, 3.17046145945428],
[1.52147391457005, 1.11512631193961, 0.496773669817435, 0.399988740153221, 0.496773678677736, 1.11512634866753, 1.52147388773822, 1.58523072972714],

Iteration #3
alpha 0.5
[(2.91442104439328, 1.00963380494234), (1.53803583856288, 1.61185119845959), (0.161376874795963, 0.990760534694958), (0.813218772186318, 1.51456332578478E-07), (0.161376909443763, -0.990760549079429), (1.53803586884966, -1.61185128135226), (2.9144210029657, -1.00963383915796), (3.0454471565544, -6.58502437574207E-08)],
[(1.45721052219664, 0.50481690247117), (0.769017919281439, 0.805925599229794), (0.0806884373979815, 0.495380267347479), (0.406609386093159, 7.57281662892389E-08), (0.0806884547218817, -0.495380274539714), (0.769017934424831, -0.805925640676131), (1.45721050148285, -0.504816919578979), (1.5227235782772, -3.29251218787103E-08)],

[3.0843492740098, 2.22791798024062, 1.00381718097866, 0.813218772186332, 1.00381720074613, 2.22791806112008, 3.08434924606479, 3.0454471565544],
[1.5421746370049, 1.11395899012031, 0.501908590489332, 0.406609386093166, 0.501908600373064, 1.11395903056004, 1.5421746230324, 1.5227235782772],

Iteration #4
alpha 0.5
[(2.91984929118404, 1.0122978556224), (1.53812035184848, 1.61117955435706), (0.161090200652138, 0.990451188055542), (0.816513663168481, 1.49462583338047E-07), (0.161090236337799, -0.990451202626956), (1.53812038390156, -1.61117963730975), (2.91984924872265, -1.01229789514752), (3.03170009193737, -5.83007134084771E-08)],
[(1.45992464559202, 0.5061489278112), (0.769060175924242, 0.805589777178529), (0.0805451003260692, 0.495225594027771), (0.408256831584241, 7.47312916690234E-08), (0.0805451181688996, -0.495225601313478), (0.769060191950782, -0.805589818654877), (1.45992462436133, -0.506148947573758), (1.51585004596869, -2.91503567042386E-08)],

[3.09035060013029, 2.22749046533284, 1.00346579845393, 0.816513663168495, 1.00346581856511, 2.22749054746706, 3.09035057295873, 3.03170009193737],
[1.54517530006514, 1.11374523266642, 0.501732899226964, 0.408256831584247, 0.501732909282556, 1.11374527373353, 1.54517528647936, 1.51585004596869],

Iteration #5
alpha 0.5
[(2.91985680538239, 1.01227453456544), (1.53812994431864, 1.61115116549421), (0.161085510414249, 0.990435312981601), (0.816643929532885, 1.49340056724991E-07), (0.161085546137861, -0.990435327542633), (1.53812997643385, -1.61115124847225), (2.91985676295956, -1.01227457412589), (3.03154499257315, -5.81277952250968E-08)],
[(1.45992840269119, 0.506137267282721), (0.769064972159318, 0.805575582747107), (0.0805427552071244, 0.4952176564908), (0.408321964766443, 7.46700283624953E-08), (0.0805427730689306, -0.495217663771316), (0.769064988216924, -0.805575624236126), (1.45992838147978, -0.506137287062944), (1.51577249628658, -2.90638976125484E-08)],

[3.09035006063513, 2.22747655513655, 1.00344937633464, 0.816643929532899, 1.0034493964416, 2.2274766373316, 3.09035003351116, 3.03154499257315],
[1.54517503031756, 1.11373827756828, 0.501724688167321, 0.408321964766449, 0.501724698220801, 1.1137383186658, 1.54517501675558, 1.51577249628658],

(8.44892891565506, 2.89401685793661E-07)
Iteration #0
alpha 0.6
[(2.56067481644076, 1.06062481644076), (1.50005, 1.49995), (0.439425183559238, 1.06062481644076), (0.000100000000000211, 1.83684830041587E-16), (0.439425183559238, -1.06062481644076), (1.50005, -1.49995), (2.56067481644076, -1.06062481644076), (3, -3.67369660083175E-16)],
[(1.53640488986446, 0.636374889864457), (0.90003, 0.89997), (0.263655110135543, 0.636374889864457), (6.00000000001266E-05, 1.10210898024952E-16), (0.263655110135543, -0.636374889864457), (0.90003, -0.89997), (1.53640488986446, -0.636374889864457), (1.8, -2.20421796049905E-16)],

[2.77163859779805, 2.12132034473815, 1.14805030081267, 0.000100000000000211, 1.14805030081267, 2.12132034473815, 2.77163859779805, 3],
[1.66298315867883, 1.27279220684289, 0.688830180487604, 6.00000000001266E-05, 0.688830180487604, 1.27279220684289, 1.66298315867883, 1.8],

Iteration #1
alpha 0.6
[(2.95459968752117, 0.818651915372314), (1.61145678035863, 1.65268803980077), (0.258436479222724, 0.939335987398683), (0.488832783852655, 1.83188048561487E-07), (0.258436540400172, -0.93933580542373), (1.61145692516423, -1.65268786910471), (2.95459972850276, -0.818651835742971), (2.88389126070821, 3.84861936449428E-08)],
[(1.7727598125127, 0.491191149223388), (0.966874068215177, 0.991612823880462), (0.155061887533634, 0.56360159243921), (0.293299670311593, 1.09912829136892E-07), (0.155061924240103, -0.563601483254238), (0.966874155098538, -0.991612721462825), (1.77275983710166, -0.491191101445783), (1.73033475642492, 2.30917161869657E-08)],

[3.06591752531651, 2.30828306580114, 0.97423893938566, 0.488832783852689, 0.974238780158672, 2.3082830446775, 3.06591754354776, 2.88389126070821],
[1.83955051518991, 1.38496983948068, 0.584543363631396, 0.293299670311613, 0.584543268095203, 1.3849698268065, 1.83955052612866, 1.73033475642492],

Iteration #2
alpha 0.6
[(2.85763779506178, 1.04239482942013), (1.54417277469929, 1.60948640193877), (0.15265655379993, 0.986626268268457), (0.752084168152282, 7.23426896222703E-07), (0.152656419545069, -0.98662632038092), (1.54417282141072, -1.60948632488545), (2.85763770532788, -1.04239481903016), (3.16069194773266, -1.0478009953603E-07)],
[(1.71458267703707, 0.625436897652078), (0.926503664819575, 0.965691841163264), (0.0915939322799578, 0.591975760961074), (0.451250500891369, 4.34056137733622E-07), (0.0915938517270412, -0.591975792228552), (0.926503692846433, -0.965691794931268), (1.71458262319673, -0.625436891418093), (1.8964151686396, -6.28680597216179E-08)],

[3.0418219455069, 2.23045198023816, 0.998366373960689, 0.75208416815263, 0.998366404931934, 2.23045195697572, 3.04182185764592, 3.16069194773267],
[1.82509316730414, 1.3382711881429, 0.599019824376413, 0.451250500891578, 0.59901984295916, 1.33827117418543, 1.82509311458755, 1.8964151686396],

Iteration #3
alpha 0.6
[(2.91061491429738, 1.00878480901817), (1.53726904870269, 1.61310658549458), (0.1608410744381, 0.991016251096865), (0.766465700896286, 7.23806676191476E-07), (0.160841053529696, -0.99101628298861), (1.53726911359278, -1.61310655924033), (2.910614902257, -1.00878482118935), (3.03779437801762, -5.2022462821843E-08)],
[(1.74636894857843, 0.6052708854109), (0.922361429221611, 0.96786395129675), (0.09650464466286, 0.594609750658119), (0.459879420537771, 4.34284005714886E-07), (0.0965046321178176, -0.594609769793166), (0.922361468155668, -0.967863935544196), (1.7463689413542, -0.605270892713607), (1.82267662681057, -3.12134776931058E-08)],

[3.08047495854716, 2.22829732851459, 1.00398359606345, 0.766465700896627, 1.00398362419369, 2.22829735427534, 3.08047495115649, 3.03779437801762],
[1.8482849751283, 1.33697839710875, 0.602390157638067, 0.459879420537976, 0.602390174516216, 1.33697841256521, 1.84828497069389, 1.82267662681057],

Iteration #4
alpha 0.6
[(2.91612809601914, 1.01131719295596), (1.53733438957728, 1.61253910608262), (0.160707358609195, 0.990722779589792), (0.769058324535534, 7.24455687872553E-07), (0.160707339923408, -0.990722813856752), (1.53733445579477, -1.6125390791656), (2.91612808357457, -1.01131722166254), (3.02431213769655, -3.44238055261393E-08)],
[(1.74967685761148, 0.606790315773578), (0.922400633746369, 0.967523463649572), (0.0964244151655171, 0.594433667753875), (0.461434994721321, 4.34673412723532E-07), (0.096424403954045, -0.594433688314051), (0.922400673476862, -0.967523447499358), (1.74967685014474, -0.606790332997522), (1.81458728261793, -2.06542833156836E-08)],

[3.08651349213972, 2.22793164033879, 1.00367249693776, 0.769058324535876, 1.00367252777064, 2.2279316665486, 3.08651348978804, 3.02431213769655],
[1.85190809528383, 1.33675898420327, 0.602203498162653, 0.461434994721525, 0.602203516662381, 1.33675899992916, 1.85190809387282, 1.81458728261793],

Iteration #5
alpha 0.6
[(2.91613403050905, 1.01129852504267), (1.53734418965765, 1.61251215270871), (0.160703289749069, 0.990706504314928), (0.769177002810654, 7.24254604859269E-07), (0.160703271167545, -0.990706538574846), (1.53734425600446, -1.61251212584644), (2.91613401804139, -1.01129855380072), (3.02417012779079, -3.41235998692644E-08)],
[(1.74968041830543, 0.606779115025601), (0.92240651379459, 0.967507291625226), (0.0964219738494413, 0.594423902588957), (0.461506201686393, 4.34552762915561E-07), (0.0964219627005269, -0.594423923144907), (0.922406553602678, -0.967507275507867), (1.74968041082483, -0.606779132280433), (1.81450207667448, -2.04741599215586E-08)],

[3.08651298241988, 2.2279188944186, 1.00365578014979, 0.769177002810995, 1.00365581099244, 2.22791892075805, 3.08651298006304, 3.02417012779079],
[1.85190778945193, 1.33675133665116, 0.602193468089872, 0.461506201686597, 0.602193486595467, 1.33675135245483, 1.85190778803783, 1.81450207667448],

(8.4365518399166, 5.30075033406015E-07)
Iteration #0
alpha 0.7
[(2.56067481644076, 1.06062481644076), (1.50005, 1.49995), (0.439425183559238, 1.06062481644076), (0.000100000000000211, 1.83684830041587E-16), (0.439425183559238, -1.06062481644076), (1.50005, -1.49995), (2.56067481644076, -1.06062481644076), (3, -3.67369660083175E-16)],
[(1.79247237150853, 0.742437371508533), (1.050035, 1.049965), (0.307597628491467, 0.742437371508533), (7.00000000001477E-05, 1.28579381029111E-16), (0.307597628491467, -0.742437371508533), (1.050035, -1.049965), (1.79247237150853, -0.742437371508533), (2.1, -2.57158762058222E-16)],

[2.77163859779805, 2.12132034473815, 1.14805030081267, 0.000100000000000211, 1.14805030081267, 2.12132034473815, 2.77163859779805, 3],
[1.94014701845863, 1.48492424131671, 0.803635210568871, 7.00000000001477E-05, 0.803635210568871, 1.48492424131671, 1.94014701845863, 2.1],

Iteration #1
alpha 0.7
[(2.94967749722833, 0.816760829790087), (1.60669644688136, 1.65112865584742), (0.252484496123585, 0.936018028408574), (0.478822196093806, 7.19933647956485E-08), (0.252484747534806, -0.936018278062862), (1.60669671157034, -1.65112956421017), (2.94967743349433, -0.816761266627751), (2.8829094924771, -1.93096991957745E-07)],
[(2.06477424805983, 0.571732580853061), (1.12468751281695, 1.15579005909319), (0.17673914728651, 0.655212619886002), (0.335175537265664, 5.03953553569539E-08), (0.176739323274364, -0.655212794644004), (1.12468769809924, -1.15579069494712), (2.06477420344603, -0.571732886639426), (2.01803664473397, -1.35167894370421E-07)],

[3.0606691410106, 2.30384446319227, 0.969473140571029, 0.478822196093811, 0.969473447086345, 2.303845298795, 3.06066919616104, 2.88290949247711],
[2.14246839870742, 1.61269112423459, 0.678631198399721, 0.335175537265668, 0.678631412960441, 1.6126917091565, 2.14246843731273, 2.01803664473398],

Iteration #2
alpha 0.7
[(2.85688355671492, 1.0440953377455), (1.54205390508868, 1.61080033840751), (0.153100868571001, 0.990396237203805), (0.710386822067572, -2.24265382980781E-07), (0.15310131899851, -0.990396253632658), (1.54205411704994, -1.6108011082221), (2.85688319653502, -1.0440954048072), (3.16498523637783, -6.38386426139221E-07)],
[(1.99981848970044, 0.730866736421851), (1.07943773356208, 1.12756023688526), (0.107170607999701, 0.693277366042664), (0.4972707754473, -1.56985768086546E-07), (0.107170923298957, -0.693277377542861), (1.07943788193496, -1.12756077575547), (1.99981823757451, -0.730866783365037), (2.21548966546448, -4.46870498297455E-07)],

[3.04169668621478, 2.22993452289815, 1.00215995860174, 0.710386822067607, 1.00216004365006, 2.22993522555258, 3.04169637093903, 3.16498523637789],
[2.12918768035035, 1.56095416602871, 0.701511971021221, 0.497270775447325, 0.701512030555041, 1.56095465788681, 2.12918745965732, 2.21548966546453],

Iteration #3
alpha 0.7
[(2.90959009568513, 1.00769646865679), (1.53654260584855, 1.6137046932322), (0.160821400923181, 0.991226592105781), (0.725422868575621, -1.16620312471157E-07), (0.160821739013093, -0.99122665040156), (1.53654275421443, -1.61370547438741), (2.90958974905829, -1.00769674203243), (3.04011780808611, -4.86510793249568E-07)],
[(2.03671306697959, 0.705387528059754), (1.07557982409399, 1.12959328526254), (0.112574980646227, 0.693858614474046), (0.507796008002935, -8.16342187298102E-08), (0.112575217309165, -0.693858655281092), (1.0755799279501, -1.12959383207119), (2.0367128243408, -0.705387719422699), (2.12808246566028, -3.40557555274698E-07)],

[3.07915032076259, 2.22822934558978, 1.00418806998118, 0.72542286857563, 1.0041881816699, 2.22823001361995, 3.07915008268968, 3.04011780808615],
[2.15540522453381, 1.55976054191285, 0.702931648986828, 0.507796008002941, 0.702931727168927, 1.55976100953397, 2.15540505788277, 2.1280824656603],

Iteration #4
alpha 0.7
[(2.91561387007481, 1.0101564622486), (1.53658365598785, 1.6131592202548), (0.160753740650916, 0.990894178502203), (0.72784139155215, -1.32916749326006E-07), (0.160754083473967, -0.990894234274092), (1.53658381516354, -1.61316000338476), (2.91561351574044, -1.0101567551843), (3.02570494876014, -4.51203331393632E-07)],
[(2.04092970905237, 0.707109523574022), (1.07560855919149, 1.12921145417836), (0.112527618455641, 0.693625924951542), (0.509488974086505, -9.30417245282045E-08), (0.112527858431777, -0.693625963991864), (1.07560867061448, -1.12921200236933), (2.04092946101831, -0.707109728629008), (2.1179934641321, -3.15842331975542E-07)],

[3.08564747137375, 2.22786265324909, 1.00384911123277, 0.727841391552162, 1.00384922118374, 2.22786333008621, 3.08564723246401, 3.02570494876017],
[2.15995322996163, 1.55950385727436, 0.702694377862937, 0.509488974086513, 0.702694454828615, 1.55950433106035, 2.1599530627248, 2.11799346413212],

Iteration #5
alpha 0.7
[(2.91562115654999, 1.01014069287876), (1.53659478862912, 1.61312930655168), (0.160749593379265, 0.990875152091739), (0.727968335930091, -1.33590008668564E-07), (0.160749936379249, -0.990875207796698), (1.53659494811647, -1.61313008982306), (2.91562080253234, -1.01014098602995), (3.02554945988721, -4.50240102043047E-07)],
[(2.040934809585, 0.707098485015132), (1.07561635204039, 1.12919051458617), (0.112524715365485, 0.693612606464218), (0.509577835151064, -9.35130060679951E-08), (0.112524955465474, -0.693612645457689), (1.07561646368153, -1.12919106287614), (2.04093456177264, -0.707098690220964), (2.11788462192105, -3.15168071430133E-07)],

[3.08564919391876, 2.22784867172303, 1.0038296662305, 0.727968335930103, 1.00382977614339, 2.22784934887204, 3.08564895537663, 3.02554945988725],
[2.15995443574313, 1.55949407020612, 0.702680766361346, 0.509577835151072, 0.702680843300371, 1.55949454421043, 2.15995426876364, 2.11788462192107],

(8.4231179571212, -5.83454471262373E-06)
Iteration #0
alpha 0.8
[(2.56067481644076, 1.06062481644076), (1.50005, 1.49995), (0.439425183559238, 1.06062481644076), (0.000100000000000211, 1.83684830041587E-16), (0.439425183559238, -1.06062481644076), (1.50005, -1.49995), (2.56067481644076, -1.06062481644076), (3, -3.67369660083175E-16)],
[(2.04853985315261, 0.848499853152609), (1.20004, 1.19996), (0.351540146847391, 0.848499853152609), (8.00000000001688E-05, 1.4694786403327E-16), (0.35154014684739, -0.848499853152609), (1.20004, -1.19996), (2.04853985315261, -0.84849985315261), (2.4, -2.9389572806654E-16)],

[2.77163859779805, 2.12132034473815, 1.14805030081267, 0.000100000000000211, 1.14805030081267, 2.12132034473815, 2.77163859779805, 3],
[2.21731087823844, 1.69705627579052, 0.918440240650139, 8.00000000001688E-05, 0.918440240650139, 1.69705627579052, 2.21731087823844, 2.4],

Iteration #1
alpha 0.8
[(2.94392199033794, 0.816336208486197), (1.60149444183466, 1.65007974500181), (0.246247232819081, 0.933476651128274), (0.468346361150731, -4.66347935541733E-06), (0.246246505579578, -0.933482462261519), (1.6014915237335, -1.65008767712186), (2.94392065457615, -0.816339955669055), (2.87803298226083, -1.74546478284883E-06)],
[(2.35513759227035, 0.653068966788958), (1.28119555346773, 1.32006379600145), (0.196997786255265, 0.746781320902619), (0.374677088920584, -3.73078348433386E-06), (0.196997204463663, -0.746785969809216), (1.2811932189868, -1.32007014169749), (2.35513652366092, -0.653071964535244), (2.30242638580866, -1.39637182627906E-06)],

[3.0550092455639, 2.2994668103916, 0.965409942911669, 0.468346361173948, 0.965415376332893, 2.29947047008212, 3.05500895966965, 2.87803298226136],
[2.44400739645112, 1.83957344831328, 0.772327954329335, 0.374677088939159, 0.772332301066315, 1.83957637606569, 2.44400716773572, 2.30242638580908],

Iteration #2
alpha 0.8
[(2.85593347824944, 1.04482166736854), (1.53976401229369, 1.61226969356896), (0.1539396519721, 0.994550914563939), (0.668685422367932, -1.94534375445794E-05), (0.153944844872206, -0.994549790699342), (1.53976340556171, -1.61227470718051), (2.85593414614587, -1.04482210799691), (3.16173673083002, -1.155682806474E-07)],
[(2.28474678259955, 0.835857333894834), (1.23181120983495, 1.28981575485517), (0.12315172157768, 0.795640731651151), (0.534948337894346, -1.55627500356635E-05), (0.123155875897765, -0.795639832559474), (1.23181072444937, -1.28981976574441), (2.2847473169167, -0.835857686397528), (2.52938938466402, -9.24546245179203E-08)],

[3.04105382208022, 2.2294139988696, 1.00639402726231, 0.668685422650902, 1.00639371095155, 2.2294172055766, 3.04105460070698, 3.16173673083002],
[2.43284305766418, 1.78353119909568, 0.805115221809851, 0.534948338120722, 0.80511496876124, 1.78353376446128, 2.43284368056558, 2.52938938466402],

Iteration #3
alpha 0.8
[(2.90761265199589, 1.00660114172074), (1.53541863583563, 1.61443415906704), (0.160963351433502, 0.992091995806063), (0.685150030190515, -1.87136763115137E-05), (0.160965614944621, -0.992091586617038), (1.53541737264159, -1.61443811369865), (2.90761148829576, -1.00660200704785), (3.03656254695532, -7.74933107891182E-07)],
[(2.32609012159672, 0.805280913376589), (1.2283349086685, 1.29154732725363), (0.128770681146801, 0.793673596644851), (0.548120024152412, -1.49709410492109E-05), (0.128772491955696, -0.793673269293631), (1.22833389811327, -1.29155049095892), (2.32608919063661, -0.805281605638281), (2.42925003756426, -6.19946486312945E-07)],

[3.07692333225254, 2.22798295353304, 1.00506503702356, 0.68515003044608, 1.00506499562507, 2.22798494859648, 3.07692251567411, 3.03656254695542],
[2.46153866580203, 1.78238636282644, 0.804052029618845, 0.548120024356864, 0.804051996500052, 1.78238795887719, 2.46153801253928, 2.42925003756434],

Iteration #4
alpha 0.8
[(2.9139044537349, 1.0089587037598), (1.53543544290337, 1.61393760307517), (0.160923924031103, 0.991724930596417), (0.687436574853536, -1.87031588185648E-05), (0.160926134980709, -0.991724515475755), (1.53543419929694, -1.61394158201231), (2.91390321573572, -1.00895923183044), (3.02173774675639, -1.10433365292337E-06)],
[(2.33112356298792, 0.807166963007837), (1.22834835432269, 1.29115008246013), (0.128739139224882, 0.793379944477134), (0.549949259882829, -1.49625270548519E-05), (0.128740907984567, -0.793379612380604), (1.22834735943755, -1.29115326560985), (2.33112257258858, -0.807167385464349), (2.41739019740511, -8.83466922338694E-07)],

[3.08364019162235, 2.2276347514671, 1.0046963955803, 0.687436575107965, 1.00469633995325, 2.22763677706197, 3.08363919455095, 3.02173774675659],
[2.46691215329788, 1.78210780117368, 0.803757116464236, 0.549949260086372, 0.803757071962598, 1.78210942164957, 2.46691135564076, 2.41739019740528],

Iteration #5
alpha 0.8
[(2.91391240317945, 1.00894676826918), (1.53544727638265, 1.6139068933926), (0.160920132839817, 0.991704459935128), (0.687562855986173, -1.87011559377168E-05), (0.160922341736284, -0.991704044523577), (1.5354460307737, -1.6139108714809), (2.91391116844384, -1.00894729492384), (3.02157948295062, -1.10889225402562E-06)],
[(2.33112992254356, 0.80715741461534), (1.22835782110612, 1.29112551471408), (0.128736106271854, 0.793363567948102), (0.550050284788938, -1.49609247501734E-05), (0.128737873389028, -0.793363235618862), (1.22835682461896, -1.29112869718472), (2.33112893475507, -0.807157835939073), (2.41726358636049, -8.87113803220494E-07)],

[3.08364379826916, 2.2276206587054, 1.00467558197082, 0.687562856240501, 1.00467552572674, 2.22762268225634, 3.08364280381433, 3.02157948295082],
[2.46691503861532, 1.78209652696432, 0.803740465576657, 0.550050284992401, 0.803740420581396, 1.78209814580507, 2.46691424305146, 2.41726358636066],

(8.43349820631521, -3.87942813485589E-05)
Iteration #0
alpha 0.9
[(2.56067481644076, 1.06062481644076), (1.50005, 1.49995), (0.439425183559238, 1.06062481644076), (0.000100000000000211, 1.83684830041587E-16), (0.439425183559238, -1.06062481644076), (1.50005, -1.49995), (2.56067481644076, -1.06062481644076), (3, -3.67369660083175E-16)],
[(2.30460733479669, 0.954562334796686), (1.350045, 1.349955), (0.395482665203314, 0.954562334796686), (9.00000000001899E-05, 1.65316347037429E-16), (0.395482665203314, -0.954562334796686), (1.350045, -1.349955), (2.30460733479669, -0.954562334796686), (2.7, -3.30632694074857E-16)],

[2.77163859779805, 2.12132034473815, 1.14805030081267, 0.000100000000000211, 1.14805030081267, 2.12132034473815, 2.77163859779805, 3],
[2.49447473801824, 1.90918831026434, 1.03324527073141, 9.00000000001899E-05, 1.03324527073141, 1.90918831026434, 2.49447473801824, 2.7],

Iteration #1
alpha 0.9
[(2.94587779544063, 0.813199106904929), (1.60303581364848, 1.64882480216551), (0.247422453289284, 0.932875673396202), (0.473243178214441, -2.47277341146881E-05), (0.247414313547809, -0.932900430808225), (1.60301642043833, -1.64884845229504), (2.9458722211306, -0.813210153444035), (2.88958465501807, -5.32839524235802E-06)],
[(2.65129001589656, 0.731879196214436), (1.44273223228364, 1.48394232194896), (0.222680207960356, 0.839588106056582), (0.425918860392997, -2.22549607032193E-05), (0.222672882193028, -0.839610387727402), (1.4427147783945, -1.48396360706554), (2.65128499901754, -0.731889138099632), (2.60062618951626, -4.79555571812222E-06)],

[3.05605771757359, 2.29964063455049, 0.965129469245502, 0.473243178860473, 0.965151312670974, 2.29964407307537, 3.05605528367754, 2.88958465502298],
[2.75045194581623, 2.06967657109545, 0.868616522320952, 0.425918860974426, 0.868636181403877, 2.06967966576783, 2.75044975530979, 2.60062618952069],

Iteration #2
alpha 0.9
[(2.85674632306423, 1.04559673311113), (1.5399890517777, 1.61110535297981), (0.152044154864706, 0.993840804860108), (0.681416396457749, -9.49344264414604E-05), (0.152062469776182, -0.993834425603223), (1.53998240314263, -1.61111673147652), (2.85675685284704, -1.04559779890117), (3.1764691987976, 1.14892485725078E-05)],
[(2.57107169075781, 0.941037059800021), (1.38599014659993, 1.44999481768183), (0.136839739378235, 0.894456724374097), (0.613274756811974, -8.54409837973144E-05), (0.136856222798563, -0.8944509830429), (1.38598416282837, -1.45000505832887), (2.57108116756233, -0.941038019011052), (2.85882227891784, 1.0340323715257E-05)],

[3.04208351013473, 2.22872760515847, 1.00540388423435, 0.681416403070846, 1.00540034823374, 2.22873123647347, 3.04209376472118, 3.17646919881838],
[2.73787515912126, 2.00585484464262, 0.904863495810911, 0.613274762763761, 0.904860313410363, 2.00585811282612, 2.73788438824906, 2.85882227893654],

Iteration #3
alpha 0.9
[(2.9092587068323, 1.00587418790766), (1.53548576407324, 1.61346998821877), (0.159595816359125, 0.991913600638143), (0.697248804380203, -9.29304493955209E-05), (0.159600794964437, -0.991910273719672), (1.53547678013748, -1.61347566491827), (2.90925934412016, -1.00587364269612), (3.04954083986037, 5.22480967722081E-06)],
[(2.61833283614907, 0.905286769116892), (1.38193718766592, 1.45212298939689), (0.143636234723213, 0.892722240574328), (0.627523923942183, -8.36374044559688E-05), (0.143640715467993, -0.892719246347705), (1.38192910212373, -1.45212809842644), (2.61833340970815, -0.905286278426508), (2.74458675587434, 4.70232870949873E-06)],

[3.07824123570237, 2.22733067472126, 1.0046707996803, 0.697248810573163, 1.00466830589201, 2.22732859354537, 3.07824165984759, 3.04954083986485],
[2.77041711213213, 2.00459760724914, 0.904203719712273, 0.627523929515847, 0.904201475302806, 2.00459573419083, 2.77041749386283, 2.74458675587836],

Iteration #4
alpha 0.9
[(2.91591077303664, 1.0081699831242), (1.53550077234232, 1.61295422875261), (0.159558104903764, 0.991548187531943), (0.699590335923002, -9.26319162591226E-05), (0.159562717554994, -0.991544828993774), (1.53549169266086, -1.6129600011839), (2.91591112130672, -1.00816723402482), (3.03394133299963, 2.78650064616441E-06)],
[(2.62431969573298, 0.907352984811784), (1.38195069510809, 1.45165880587735), (0.143602294413388, 0.892393368778749), (0.629631302330702, -8.33687246332103E-05), (0.143606445799495, -0.892390346094397), (1.38194252339477, -1.45166400106551), (2.62432000917605, -0.907350510622342), (2.73054719969967, 2.50785058154797E-06)],

[3.08527832637249, 2.22696743710248, 1.00430403615557, 0.699590342055643, 1.00430145311944, 2.22696535753246, 3.08527775720784, 3.03394133300091],
[2.77675049373524, 2.00427069339223, 0.90387363254001, 0.629631307850078, 0.9038713078075, 2.00426882177921, 2.77674998148706, 2.73054719970082],

Iteration #5
alpha 0.9
[(2.91592118841931, 1.00815857892318), (1.53551318257058, 1.61292045765057), (0.159553724647639, 0.991526089999055), (0.699729296311329, -9.26070660575161E-05), (0.159558322056156, -0.991522731354843), (1.53550408523439, -1.61292622257977), (2.91592154924915, -1.00815581605578), (3.03376550223917, 2.74027434684049E-06)],
[(2.62432906957738, 0.907342721030858), (1.38196186431352, 1.45162841188552), (0.143598352182875, 0.892373480999149), (0.629756366680196, -8.33463594517645E-05), (0.14360248985054, -0.892370458219358), (1.38195367671095, -1.4516336003218), (2.62432939432424, -0.907340234450198), (2.73038895201525, 2.46624691215644E-06)],

[3.08528444350421, 2.22695153439759, 1.00428152337766, 0.699729302439462, 1.00427893781098, 2.22694943706788, 3.08528388172347, 3.0337655022404],
[2.77675599915379, 2.00425638095783, 0.903853371039892, 0.629756372195516, 0.903851044029879, 2.00425449336109, 2.77675549355112, 2.73038895201636],

(8.48649827709215, -0.000100828099850906)
Iteration #0
alpha 1
[(2.56067481644076, 1.06062481644076), (1.50005, 1.49995), (0.439425183559238, 1.06062481644076), (0.000100000000000211, 1.83684830041587E-16), (0.439425183559238, -1.06062481644076), (1.50005, -1.49995), (2.56067481644076, -1.06062481644076), (3, -3.67369660083175E-16)],
[(2.56067481644076, 1.06062481644076), (1.50005, 1.49995), (0.439425183559238, 1.06062481644076), (0.000100000000000211, 1.83684830041587E-16), (0.439425183559238, -1.06062481644076), (1.50005, -1.49995), (2.56067481644076, -1.06062481644076), (3, -3.67369660083175E-16)],

[2.77163859779805, 2.12132034473815, 1.14805030081267, 0.000100000000000211, 1.14805030081267, 2.12132034473815, 2.77163859779805, 3],
[2.77163859779805, 2.12132034473815, 1.14805030081267, 0.000100000000000211, 1.14805030081267, 2.12132034473815, 2.77163859779805, 3],

Iteration #1
alpha 1
[(2.96155363285112, 0.806998693480757), (1.61659835343254, 1.64745481586675), (0.261731536129521, 0.93540613591264), (0.505304509976461, -6.7641874225829E-05), (0.261712162697037, -0.935477942031175), (1.6165479510198, -1.64753190597957), (2.96153737870876, -0.807034875546827), (2.92753299604946, -1.72268847876927E-05)],
[(2.96155363285112, 0.806998693480757), (1.61659835343254, 1.64745481586675), (0.261731536129521, 0.93540613591264), (0.505304509976461, -6.7641874225829E-05), (0.261712162697037, -0.935477942031175), (1.6165479510198, -1.64753190597957), (2.96153737870876, -0.807034875546827), (2.92753299604946, -1.72268847876927E-05)],

[3.06953527615066, 2.30813725905617, 0.971333123139397, 0.505304514503853, 0.971397053799549, 2.30815698321561, 3.06952910653051, 2.92753299610014],
[3.06953527615066, 2.30813725905617, 0.971333123139397, 0.505304514503853, 0.971397053799549, 2.30815698321561, 3.06952910653051, 2.92753299610014],

Iteration #2
alpha 1
[(2.86117100210735, 1.04560115707531), (1.54493131441453, 1.60477101857828), (0.144335895076221, 0.983637143924607), (0.796996544961201, -0.000284965695678448), (0.144393690978807, -0.983613104799924), (1.5449183443295, -1.60480983028779), (2.86120523394171, -1.04560570848776), (3.21456649505416, 3.43426374045897E-05)],
[(2.86117100210735, 1.04560115707531), (1.54493131441453, 1.60477101857828), (0.144335895076221, 0.983637143924607), (0.796996544961201, -0.000284965695678448), (0.144393690978807, -0.983613104799924), (1.5449183443295, -1.60480983028779), (2.86120523394171, -1.04560570848776), (3.21456649505416, 3.43426374045897E-05)],

[3.04624051627202, 2.22757778502286, 0.994170448924938, 0.796996595905867, 0.994155057286654, 2.22759675031953, 3.04627423065581, 3.21456649523761],
[3.04624051627202, 2.22757778502286, 0.994170448924938, 0.796996595905867, 0.994155057286653, 2.22759675031953, 3.04627423065581, 3.21456649523761],

Iteration #3
alpha 1
[(2.91698341440498, 1.00600828766687), (1.53741394314047, 1.60918245023204), (0.155076875469366, 0.990200010854881), (0.808279896484975, -0.000280891801304336), (0.15508615135063, -0.990187781586284), (1.53739183902843, -1.60920083698415), (2.91698546676488, -1.00600691838246), (3.08530093422142, 1.57329448884182E-05)],
[(2.91698341440497, 1.00600828766686), (1.53741394314047, 1.60918245023204), (0.155076875469366, 0.990200010854881), (0.808279896484975, -0.000280891801304336), (0.15508615135063, -0.990187781586284), (1.53739183902843, -1.60920083698415), (2.91698546676488, -1.00600691838246), (3.08530093422142, 1.57329448884182E-05)],

[3.08558664029519, 2.22555830988485, 1.00226987323891, 0.80827994529245, 1.00225922651953, 2.22555633504562, 3.08558813407604, 3.08530093426153],
[3.08558664029518, 2.22555830988485, 1.00226987323891, 0.80827994529245, 1.00225922651953, 2.22555633504562, 3.08558813407604, 3.08530093426153],

Iteration #4
alpha 1
[(2.92385272102005, 1.0083142787146), (1.53747630768549, 1.60856310621787), (0.154897459239533, 0.989950674663893), (0.811124735278745, -0.000281669879318075), (0.154905712362039, -0.989937062968614), (1.53745374405677, -1.60858188204796), (2.92385418201696, -1.00830583714591), (3.06895365920531, 8.44538968096525E-06)],
[(2.92385272102005, 1.0083142787146), (1.53747630768549, 1.60856310621787), (0.154897459239533, 0.989950674663893), (0.811124735278745, -0.000281669879318075), (0.154905712362038, -0.989937062968614), (1.53745374405677, -1.60858188204796), (2.92385418201696, -1.00830583714591), (3.06895365920531, 8.44538968096525E-06)],

[3.09283242657537, 2.22515362691646, 1.00199578898634, 0.811124784184859, 1.00198361681283, 2.22515160974868, 3.09283105567061, 3.06895365921693],
[3.09283242657537, 2.22515362691646, 1.00199578898634, 0.811124784184859, 1.00198361681283, 2.22515160974868, 3.09283105567061, 3.06895365921693],

Iteration #5
alpha 1
[(2.92386690788343, 1.00829579761133), (1.53748776537504, 1.60852456293443), (0.154891037479028, 0.989928935285687), (0.811293911455528, -0.000281576556567154), (0.154899241001854, -0.989915328651485), (1.53746513921785, -1.60854331593238), (2.92386839714196, -1.00828731430507), (3.06874612131005, 8.29255836561272E-06)],
[(2.92386690788343, 1.00829579761133), (1.53748776537504, 1.60852456293443), (0.154891037479028, 0.989928935285687), (0.811293911455528, -0.000281576556567154), (0.154899241001854, -0.989915328651485), (1.53746513921785, -1.60854331593237), (2.92386839714196, -1.00828731430507), (3.06874612131005, 8.29255836561272E-06)],

[3.09283981326167, 2.22513368098219, 1.00197331821121, 0.811293960319049, 1.00196114333947, 2.22513160364525, 3.09283845552819, 3.06874612132125],
[3.09283981326167, 2.22513368098219, 1.00197331821121, 0.811293960319049, 1.00196114333947, 2.22513160364525, 3.09283845552819, 3.06874612132125],

(-21.8410283969487, 16.4369853090315)
(16.6935320101232, 0.415221041331263)
Iteration #0
alpha 3
[(2.8858231047903, 0.574006014376016), (2.56067481644076, 1.06062481644076), (2.07405601437602, 1.3857731047903), (1.50005, 1.49995), (0.926043985623984, 1.3857731047903), (0.439425183559238, 1.06062481644076), (0.114276895209696, 0.574006014376017), (0.000100000000000211, 1.83684830041587E-16), (0.114276895209696, -0.574006014376016), (0.439425183559238, -1.06062481644076), (0.926043985623983, -1.3857731047903), (1.50005, -1.49995), (2.07405601437602, -1.3857731047903), (2.56067481644076, -1.06062481644076), (2.8858231047903, -0.574006014376017), (3, -3.67369660083175E-16)],
[(8.65746931437091, 1.72201804312805), (7.68202444932229, 3.18187444932229), (6.22216804312805, 4.15731931437091), (4.50015, 4.49985), (2.77813195687195, 4.15731931437091), (1.31827555067771, 3.18187444932229), (0.342830685629087, 1.72201804312805), (0.000300000000000633, 5.51054490124762E-16), (0.342830685629087, -1.72201804312805), (1.31827555067771, -3.18187444932229), (2.77813195687195, -4.15731931437091), (4.50015, -4.49985), (6.22216804312805, -4.15731931437091), (7.68202444932229, -3.18187444932229), (8.65746931437091, -1.72201804312805), (9, -1.10210898024952E-15)],

[2.94235584127437, 2.77163859779805, 2.49440883752634, 2.12132034473815, 1.66671070113278, 1.14805030081267, 0.585270974266286, 0.000100000000000211, 0.585270974266285, 1.14805030081267, 1.66671070113278, 2.12132034473815, 2.49440883752634, 2.77163859779805, 2.94235584127437, 3],
[8.82706752382311, 8.31491579339414, 7.48322651257901, 6.36396103421446, 5.00013210339833, 3.44415090243802, 1.75581292279886, 0.000300000000000633, 1.75581292279886, 3.44415090243802, 5.00013210339833, 6.36396103421446, 7.48322651257901, 8.31491579339414, 8.8270675238231, 9],

Iteration #1
alpha 3
[(3.44726736006596, 0.691799762518065), (3.62189185699274, 0.68896765833571), (2.24663925319606, 1.379232967657), (2.45655768161942, 2.99280269174254), (2.22084818271021, 1.29995940901318), (1.22008047412975, 0.411576058888696), (0.801906971460664, 0.484963265515495), (0.840229082209785, 0.0230394683413573), (0.774452746843405, -0.641648916760863), (0.51646178284203, -0.798098553709079), (1.72363965327742, -0.919373813011988), (2.44143623109785, -1.85025045050519), (2.54507186482353, -1.01585021178266), (3.98115120285272, -0.712537934917603), (3.50407042852989, -0.654740030502644), (3.50203115501722, 0.0249718780637867)],
[(10.3418020801979, 2.07539928755419), (10.8656755709782, 2.06690297500713), (6.73991775958817, 4.13769890297101), (7.36967304485826, 8.97840807522763), (6.66254454813062, 3.89987822703955), (3.66024142238924, 1.23472817666609), (2.40572091438199, 1.45488979654649), (2.52068724662936, 0.069118405024072), (2.32335824053022, -1.92494675028259), (1.54938534852609, -2.39429566112724), (5.17091895983227, -2.75812143903596), (7.32430869329354, -5.55075135151556), (7.63521559447059, -3.04755063534799), (11.9434536085582, -2.13761380475281), (10.5122112855897, -1.96422009150793), (10.5060934650517, 0.07491563419136)],

[3.51599760568693, 3.6868383552826, 2.6362229634599, 3.87189147508356, 2.57333657257055, 1.28763007715843, 0.937146818687802, 0.840544899272222, 1.00572878524664, 0.9506282525619, 1.95350501980479, 3.06333765688863, 2.74031794686223, 4.04441283855547, 3.56471514649351, 3.50212018717309],
[10.5479928170608, 11.0605150658478, 7.90866889037969, 11.6156744252507, 7.72000971771164, 3.86289023147528, 2.81144045606341, 2.52163469781667, 3.01718635573992, 2.8518847576857, 5.86051505941437, 9.19001297066588, 8.22095384058668, 12.1332385156664, 10.6941454394805, 10.5063605615193],

Iteration #2
alpha 3
[(242.704406119997, 88.2153666873685), (-78.6012352290575, -100.249559024118), (-294.947142122394, -364.664865013759), (2.44432387914179, 2.79370925743001), (427.880381372393, 415.58617719684), (279.396488353756, 299.053128004422), (-96.995074770883, 37.1562227080435), (-202.874820881642, -37.5085762240823), (-41.1241078826593, -55.0173843655798), (4.18659517497257, 8.05138853475151), (-90.452642597125, -46.5645939226374), (1.77622751818007, -0.499473215880345), (-46.9106616096733, -60.3271424100801), (5.53926097495148, -5.8744832841127), (-55.2164315189396, -8.19186571226243), (-20.9616363803223, -170.553130346974)],
[(728.113218359991, 264.646100062106), (-235.803705687172, -300.748677072354), (-884.841426367183, -1093.99459504128), (7.33297163742537, 8.38112777229003), (1283.64114411718, 1246.75853159052), (838.189465061267, 897.159384013265), (-290.985224312649, 111.468668124131), (-608.624462644926, -112.525728672247), (-123.372323647978, -165.052153096739), (12.5597855249177, 24.1541656042545), (-271.357927791375, -139.693781767912), (5.32868255454022, -1.49841964764103), (-140.73198482902, -180.98142723024), (16.6177829248545, -17.6234498523381), (-165.649294556819, -24.5755971367873), (-62.8849091409668, -511.659391040921)],

[258.238997190291, 127.389670947309, 469.014158018359, 3.71207901871618, 596.484275937319, 409.261739078599, 103.868327298262, 206.313078204258, 68.6884621430306, 9.07482432318289, 101.734664495359, 1.84511725636123, 76.4197244435189, 8.07421612318744, 55.8207933796492, 171.836435225166],
[774.716991570874, 382.169012841928, 1407.04247405508, 11.1362370561485, 1789.45282781196, 1227.7852172358, 311.604981894786, 618.939234612773, 206.065386429092, 27.2244729695487, 305.203993486078, 5.53535176908369, 229.259173330557, 24.2226483695623, 167.462380138948, 515.509305675498],

Iteration #3
alpha 3
[(-14427.8435831509, -22257.5495552982), (-1298814846.24961, -647213119.247862), (-285.410551464256, -310.869757795447), (116212888370407, 114915241283664), (403.412166828778, 392.324864230441), (-842.887167241975, 134.978409644982), (-193822930.687007, 539107713.932941), (-2554594.53564823, -242700.709607445), (-42883000032.273, 192691094852.492), (-6998916543736.95, -3423320481725.48), (1576383874.65498, -11440323735.2719), (-18398039625878, -66347143570757.1), (88541622511.9453, -137459245003.178), (1917450790138.84, 6538844022746.7), (5014789080.65198, -66709094420.3994), (-1238643.25203236, 8922066.28462948)],
[(-43283.5307494527, -66772.6486658945), (-3896444538.74883, -1941639357.74358), (-856.231654392767, -932.609273386342), (348638665111222, 344745723850992), (1210.23650048633, 1176.97459269132), (-2528.66150172593, 404.935228934947), (-581468792.061022, 1617323141.79882), (-7663783.60694468, -728102.128822336), (-128649000096.819, 578073284557.477), (-20996749631210.9, -10269961445176.4), (4729151623.96493, -34320971205.8158), (-55194118877634.1, -199041430712271), (265624867535.836, -412377735009.535), (5752352370416.51, 19616532068240.1), (15044367241.9559, -200127283261.198), (-3715929.75609709, 26766198.8538884)],

[26524.7277585732, 1451139147.89897, 422.017996297469, 163434843600364, 562.725666234378, 853.626351380679, 572891312.276685, 2566097.59674252, 197405191743.328, 7791274344213.27, 11548419514.7258, 68850790279226.6, 163507378897.381, 6814183640496.81, 66897319736.3929, 9007635.8659266],
[79574.1832757195, 4353417443.69691, 1266.05398889241, 490304530801092, 1688.17699870313, 2560.87905414204, 1718673936.83005, 7698292.79022756, 592215575229.984, 23373823032639.8, 34645258544.1772, 206552370837680, 490522136692.142, 20442550921490.4, 200691959209.179, 27022907.5977798],

Iteration #4
alpha 3
[(-3.50879880718556E+144, 6.04254428963132E+144), (1.75752774721325E+87, 2.09783441560776E+87), (-1.0295708062859E+162, -4.591071666358E+162), (112077175068757, 121435809631869), (-1.12839557584778E+161, -1.41014930918081E+161), (-4.52220967558792E+159, -2.81419363605582E+159), (1.03126209556048E+93, 5.67851976580321E+91), (-8.13342253806658E+122, 6.56153787997596E+120), (2.01910065129649E+56, -1.25767088148012E+55), (-7.74738621349697E+31, 1.09388869824989E+32), (1.02374300514569E+75, -5.68010316501045E+74), (2.12050666605825E+18, 1.83690208054895E+18), (3.28898282757088E+57, -2.8893435121508E+57), (-2.61927149908285E+33, -8.80448716068125E+32), (-8.89465920112814E+62, -1.57360338363386E+63), (2.01601395832283E+116, -1.19113642824508E+116)],
[(-1.05263964215567E+145, 1.81276328688939E+145), (5.27258324163975E+87, 6.29350324682329E+87), (-3.0887124188577E+162, -1.3773214999074E+163), (336231525206271, 364307428895608), (-3.38518672754333E+161, -4.23044792754244E+161), (-1.35666290267638E+160, -8.44258090816747E+159), (3.09378628668143E+93, 1.70355592974096E+92), (-2.44002676141997E+123, 1.96846136399279E+121), (6.05730195388948E+56, -3.77301264444037E+55), (-2.32421586404909E+32, 3.28166609474966E+32), (3.07122901543708E+75, -1.70403094950314E+75), (6.36151999817477E+18, 5.51070624164685E+18), (9.86694848271263E+57, -8.6680305364524E+57), (-7.85781449724854E+33, -2.64134614820437E+33), (-2.66839776033844E+63, -4.72081015090159E+63), (6.0480418749685E+116, -3.57340928473523E+116)],

[6.9874180182284E+144, 2.73675227551433E+87, 4.70509883964104E+162, 165251169533956, 1.80604475298259E+161, 5.32635580591441E+159, 1.03282431633499E+93, 8.13368720573052E+122, 2.02301379148219E+56, 1.3404523175293E+32, 1.17076276855576E+75, 2.80548708325712E+18, 4.37786637202006E+57, 2.76329027203689E+33, 1.80758878952766E+63, 2.34160591706737E+116],
[2.09622540546852E+145, 8.21025682654298E+87, 1.41152965189231E+163, 495753508601869, 5.41813425894778E+161, 1.59790674177432E+160, 3.09847294900498E+93, 2.44010616171916E+123, 6.06904137444658E+56, 4.02135695258789E+32, 3.51228830566728E+75, 8.41646124977137E+18, 1.31335991160602E+58, 8.28987081611067E+33, 5.42276636858299E+63, 7.02481775120212E+116],

Iteration #5
alpha 3
[(NaN, NaN), (NaN, NaN), (NaN, NaN), (NaN, NaN), (NaN, NaN), (NaN, NaN), (NaN, NaN), (NaN, NaN), (NaN, NaN), (NaN, NaN), (NaN, NaN), (NaN, NaN), (NaN, NaN), (NaN, NaN), (NaN, NaN), (NaN, NaN)],
[(NaN, NaN), (NaN, NaN), (NaN, NaN), (NaN, NaN), (NaN, NaN), (NaN, NaN), (NaN, NaN), (NaN, NaN), (NaN, NaN), (NaN, NaN), (NaN, NaN), (NaN, NaN), (NaN, NaN), (NaN, NaN), (NaN, NaN), (NaN, NaN)],

[NaN, NaN, NaN, NaN, NaN, NaN, NaN, NaN, NaN, NaN, NaN, NaN, NaN, NaN, NaN, NaN],
[NaN, NaN, NaN, NaN, NaN, NaN, NaN, NaN, NaN, NaN, NaN, NaN, NaN, NaN, NaN, NaN],

(34.4428140700784, -1.81577033395043)
