(-6.3372372405596, 1.35305041484372)
(-1.53024702254727, -0.782280617478888)
(-0.680014379626268, 1.86302575859472)
(-0.196553899799266, -0.642011402975819)
(0.358398943100549, 0.967539181214907)
Iteration #0
alpha 0.5
[],
[],

(0.0540438402015654, 0.414288838472809)
Iteration #0
alpha 0.6
[],
[],

(1.44175375283082, 3.95366110933364)
Iteration #0
alpha 0.7
[2],
[1.4],

(-0.554344834714857, 3.5629419007693)
(0.970349882604756, 0.167768822376964)
Iteration #0
alpha 0.9
[],
[],

(1.52444880240205, 0.324562999393944)
Iteration #0
alpha 1
[2],
[2],

(1.5593598635243, -0.320179580775244)
Iteration #0
alpha 1.1
[2],
[2.2],

(2.57979483548769, 6.57961242296673)
Iteration #0
alpha 2.1
[1, 2],
[2.1, 4.2],

(-2.50528879599947, 3.74257603516462)
(1.13297739601171, 0.417102419915196)
Iteration #0
alpha 4.1
[2],
[8.2],

(0.708468522315424, 3.33299803793747)
Iteration #0
alpha 5.1
[],
[],

(1.51230736328336, -1.59766692141131)
Iteration #0
alpha 6.1
[2],
[12.2],

(0.742451662856624, -1.63210820450061)
Iteration #0
alpha 7.1
[],
[],

(1.43583275830276, 0.683815480962661)
Iteration #0
alpha 8.1
[2],
[16.2],

(1.99578748378098, -0.567396282127985)
Iteration #0
alpha 9.1
[2],
[18.2],

(23.143749297823, -6.89883932310839)
Iteration #0
alpha 10.1
[1.98604529933778, 1.94464112545727, 1.87718664890521, 1.78608442034433, 1.67486835888047, 1.54843029547765, 1.41339328629491, 1.27866317567517, 1.15604198191215, 1.06027498685097, 1.00696131055046, 1.00696131055046, 1.06027498685097, 1.15604198191215, 1.27866317567517, 1.41339328629491, 1.54843029547765, 1.67486835888047, 1.78608442034433, 1.87718664890521, 1.94464112545727, 1.98604529933778, 2],
[20.0590575233116, 19.6408753671185, 18.9595851539426, 18.0394526454777, 16.9161704246927, 15.6391459843242, 14.2752721915786, 12.9144980743192, 11.6760240173127, 10.7087773671948, 10.1703092365597, 10.1703092365597, 10.7087773671948, 11.6760240173127, 12.9144980743192, 14.2752721915786, 15.6391459843242, 16.9161704246927, 18.0394526454777, 18.9595851539426, 19.6408753671185, 20.0590575233116, 20.2],

(-1.73579188208925, 1.99817811233177)
(-2.77740918231287, -3.4822449644685)
(0.401141060603816, -0.143394990537851)
Iteration #0
alpha 13.1
[],
[],

(1.95745871888894, -1.53348167838116)
Iteration #0
alpha 14.1
[2],
[28.2],

(-1.31844685897546, 3.59626983791704)
(4.1150552584779, 0.424168712635917)
Iteration #0
alpha 16.1
[1.58113883008419, 1, 1.58113883008419, 2],
[25.4563351643555, 16.1, 25.4563351643555, 32.2],

(-0.987595215803561, -0.401503999313252)
(-4.32273619413802, 2.08917402364768)
(2.27313431491525, -6.13170303082048)
Iteration #0
alpha 19.1
[1, 2],
[19.1, 38.2],

