(2.09385023061599, -5.57331320064644E-16)
Iteration #0
alpha 0.1
[(0.0001000000000001, 1.22454512350469E-16), (2, -2.44909024700937E-16)],
[(1.000000000001E-05, 1.22454512350469E-17), (0.2, -2.44909024700937E-17)],

[0.0001000000000001, 2],
[1.000000000001E-05, 0.2],

Iteration #1
alpha 0.1
[(0.824243089363748, -3.11021847885178E-15), (1.61238012008904, -1.7497777218796E-15)],
[(0.0824243089363748, -3.11021847885178E-16), (0.161238012008904, -1.7497777218796E-16)],

[0.824243089363748, 1.61238012008904],
[0.0824243089363748, 0.161238012008904],

Iteration #2
alpha 0.1
[(1.35045932506383, -6.6587817199967E-15), (1.08616388438896, 1.79878551926533E-15)],
[(0.135045932506383, -6.6587817199967E-16), (0.108616388438896, 1.79878551926533E-16)],

[1.35045932506383, 1.08616388438896],
[0.135045932506383, 0.108616388438896],

Iteration #3
alpha 0.1
[(0.302754809211019, -2.6055288125161E-14), (2.13386840024177, 2.11952919244296E-14)],
[(0.0302754809211019, -2.6055288125161E-15), (0.213386840024177, 2.11952919244296E-15)],

[0.302754809211019, 2.13386840024177],
[0.0302754809211019, 0.213386840024177],

Iteration #4
alpha 0.1
[(0.902217757831519, -1.93278831598435E-14), (1.53440545162127, 1.44678869591122E-14)],
[(0.0902217757831519, -1.93278831598435E-15), (0.153440545162127, 1.44678869591122E-15)],

[0.902217757831519, 1.53440545162127],
[0.0902217757831519, 0.153440545162127],

Iteration #5
alpha 0.1
[(1.47064993438112, -3.69570512727675E-14), (0.96597327507167, 3.20970550720361E-14)],
[(0.147064993438112, -3.69570512727675E-15), (0.096597327507167, 3.20970550720361E-15)],

[1.47064993438112, 0.96597327507167],
[0.147064993438112, 0.096597327507167],

Iteration #6
alpha 0.1
[(0.830408042118783, -8.48478313722004E-14), (1.60621516733401, 7.9987835171469E-14)],
[(0.0830408042118783, -8.48478313722004E-15), (0.160621516733401, 7.9987835171469E-15)],

[0.830408042118783, 1.60621516733401],
[0.0830408042118783, 0.160621516733401],

Iteration #7
alpha 0.1
[(1.35877349183535, -1.18064984063297E-13), (1.07784971761744, 1.13204987862566E-13)],
[(0.135877349183535, -1.18064984063297E-14), (0.107784971761744, 1.13204987862566E-14)],

[1.35877349183535, 1.07784971761744],
[0.135877349183535, 0.107784971761744],

Iteration #8
alpha 0.1
[(0.365016202223966, -8.11223223773655E-13), (2.07160700722883, 8.06363227572924E-13)],
[(0.0365016202223966, -8.11223223773655E-14), (0.207160700722883, 8.06363227572924E-14)],

[0.365016202223966, 2.07160700722883],
[0.0365016202223966, 0.207160700722883],

Iteration #9
alpha 0.1
[(0.94368658282112, -5.52454256785142E-13), (1.49293662663167, 5.4759426058441E-13)],
[(0.094368658282112, -5.52454256785142E-14), (0.149293662663167, 5.4759426058441E-14)],

[0.94368658282112, 1.49293662663167],
[0.094368658282112, 0.149293662663167],

Iteration #10
alpha 0.1
[(1.5533531875924, -1.22824659512576E-12), (0.883270021860394, 1.22338659892503E-12)],
[(0.15533531875924, -1.22824659512576E-13), (0.0883270021860394, 1.22338659892503E-13)],

[1.5533531875924, 0.883270021860394],
[0.15533531875924, 0.0883270021860394],

Iteration #11
alpha 0.1
[(0.998655818695961, -2.02799574381627E-12), (1.43796739075683, 2.02313574761553E-12)],
[(0.0998655818695961, -2.02799574381627E-13), (0.143796739075683, 2.02313574761553E-13)],

[0.998655818695961, 1.43796739075683],
[0.0998655818695961, 0.143796739075683],

Iteration #12
alpha 0.1
[(1.69904522482341, -6.46705951162968E-12), (0.737577984629379, 6.46219951542895E-12)],
[(0.169904522482341, -6.46705951162968E-13), (0.0737577984629379, 6.46219951542895E-13)],

[1.69904522482341, 0.737577984629379],
[0.169904522482341, 0.0737577984629379],

Iteration #13
alpha 0.1
[(1.18884030081938, -6.86065081802831E-12), (1.24778290863341, 6.85579082182758E-12)],
[(0.118884030081938, -6.86065081802832E-13), (0.124778290863341, 6.85579082182758E-13)],

[1.18884030081938, 1.24778290863341],
[0.118884030081938, 0.124778290863341],

Iteration #14
alpha 0.1
[(5.60515430747558, -1.02776032122778E-09), (-3.16853109802279, 1.02775546123158E-09)],
[(0.560515430747558, -1.02776032122778E-10), (-0.316853109802279, 1.02775546123158E-10)],

[5.60515430747558, 3.16853109802279],
[0.560515430747558, 0.316853109802279],

Iteration #15
alpha 0.1
[(3.38216265642266, -5.20808818662011E-10), (-0.945539446969865, 5.20804136232307E-10)],
[(0.338216265642266, -5.20808818662011E-11), (-0.0945539446969865, 5.20804136232307E-11)],

[3.38216265642266, 0.945539446969865],
[0.338216265642266, 0.0945539446969865],

Iteration #16
alpha 0.1
[(2.24028834007885, -2.74833786873729E-10), (0.196334869373943, 2.74829121785997E-10)],
[(0.224028834007885, -2.74833786873729E-11), (0.0196334869373943, 2.74829121785997E-11)],

[2.24028834007885, 0.196334869373943],
[0.224028834007885, 0.0196334869373943],

Iteration #17
alpha 0.1
[(1.6023692421084, -1.7155127146177E-10), (0.834253967344391, 1.71546411465569E-10)],
[(0.16023692421084, -1.7155127146177E-11), (0.0834253967344391, 1.71546411465569E-11)],

[1.6023692421084, 0.834253967344391],
[0.16023692421084, 0.0834253967344391],

Iteration #18
alpha 0.1
[(1.07257796087076, -2.36643400467846E-10), (1.36404524858203, 2.36638540471645E-10)],
[(0.107257796087076, -2.36643400467846E-11), (0.136404524858203, 2.36638540471645E-11)],

[1.07257796087076, 1.36404524858203],
[0.107257796087076, 0.136404524858203],

Iteration #19
alpha 0.1
[(2.03556356340417, -1.56369870486181E-09), (0.401059646048618, 1.56369384486561E-09)],
[(0.203556356340417, -1.56369870486181E-10), (0.0401059646048618, 1.56369384486561E-10)],

[2.03556356340417, 0.401059646048618],
[0.203556356340417, 0.0401059646048618],

Iteration #20
alpha 0.1
[(1.46821021488056, -1.0855513842835E-09), (0.968412994572236, 1.0855465242873E-09)],
[(0.146821021488056, -1.0855513842835E-10), (0.0968412994572236, 1.0855465242873E-10)],

[1.46821021488056, 0.968412994572236],
[0.146821021488056, 0.0968412994572236],

Iteration #21
alpha 0.1
[(0.824169373912309, -2.79768326748417E-09), (1.61245383554048, 2.79767840748797E-09)],
[(0.0824169373912309, -2.79768326748417E-10), (0.161245383554048, 2.79767840748797E-10)],

[0.824169373912309, 1.61245383554048],
[0.0824169373912309, 0.161245383554048],

Iteration #22
alpha 0.1
[(1.35036090124288, -3.73499235560729E-09), (1.08626230820991, 3.73498749561109E-09)],
[(0.135036090124288, -3.73499235560729E-10), (0.108626230820991, 3.73498749561109E-10)],

[1.35036090124288, 1.08626230820991],
[0.135036090124288, 0.108626230820991],

Iteration #23
alpha 0.1
[(0.30197393236602, -2.96534240059223E-08), (2.13464927708677, 2.96534191459261E-08)],
[(0.030197393236602, -2.96534240059223E-09), (0.213464927708677, 2.96534191459261E-09)],

[0.301973932366021, 2.13464927708677],
[0.0301973932366021, 0.213464927708677],

Iteration #24
alpha 0.1
[(0.901706579873365, -1.94078330521509E-08), (1.53491662957943, 1.94078281921547E-08)],
[(0.0901706579873365, -1.94078330521509E-09), (0.153491662957943, 1.94078281921547E-09)],

[0.901706579873365, 1.53491662957943],
[0.0901706579873365, 0.153491662957943],

Iteration #25
alpha 0.1
[(1.46973175359437, -3.4819846727482E-08), (0.966891455858427, 3.48198418674858E-08)],
[(0.146973175359437, -3.4819846727482E-09), (0.0966891455858427, 3.48198418674858E-09)],

[1.46973175359437, 0.966891455858428],
[0.146973175359437, 0.0966891455858428],

Iteration #26
alpha 0.1
[(0.828071569568687, -8.88652206385613E-08), (1.6085516398841, 8.88652157785651E-08)],
[(0.0828071569568687, -8.88652206385613E-09), (0.16085516398841, 8.88652157785651E-09)],

[0.828071569568692, 1.60855163988411],
[0.0828071569568692, 0.160855163988411],

Iteration #27
alpha 0.1
[(1.35560303055457, -1.20129142132271E-07), (1.08102017889822, 1.20129137272275E-07)],
[(0.135560303055457, -1.20129142132271E-08), (0.108102017889822, 1.20129137272275E-08)],

[1.35560303055458, 1.08102017889823],
[0.135560303055458, 0.108102017889823],

Iteration #28
alpha 0.1
[(0.342104042358455, -8.86805274486905E-07), (2.09451916709434, 8.86805269626909E-07)],
[(0.0342104042358455, -8.86805274486905E-08), (0.209451916709434, 8.86805269626909E-08)],

[0.342104042359604, 2.09451916709452],
[0.0342104042359604, 0.209451916709452],

Iteration #29
alpha 0.1
[(0.928255225702812, -5.93240671930612E-07), (1.50836798374998, 5.93240667070616E-07)],
[(0.0928255225702812, -5.93240671930612E-08), (0.150836798374998, 5.93240667070616E-08)],

[0.928255225703001, 1.5083679837501],
[0.0928255225703001, 0.15083679837501],

Iteration #30
alpha 0.1
[(1.52050768864077, -1.21131019708227E-06), (0.916115520812019, 1.21131019222227E-06)],
[(0.152050768864077, -1.21131019708227E-07), (0.0916115520812019, 1.21131019222227E-07)],

[1.52050768864126, 0.91611552081282],
[0.152050768864126, 0.091611552081282],

Iteration #31
alpha 0.1
[(0.940151094820083, -2.32627719376304E-06), (1.49647211463271, 2.32627718890304E-06)],
[(0.0940151094820083, -2.32627719376304E-07), (0.149647211463271, 2.32627718890304E-07)],

[0.940151094822961, 1.49647211463452],
[0.0940151094822961, 0.149647211463452],

Iteration #32
alpha 0.1
[(1.54558170768928, -5.06326159709436E-06), (0.89104150176351, 5.06326159223437E-06)],
[(0.154558170768928, -5.06326159709436E-07), (0.089104150176351, 5.06326159223437E-07)],

[1.54558170769758, 0.891041501777896],
[0.154558170769758, 0.0891041501777896],

Iteration #33
alpha 0.1
[(0.985576037087606, -8.66396037575133E-06), (1.45104717236519, 8.66396037089134E-06)],
[(0.0985576037087606, -8.66396037575133E-07), (0.145104717236519, 8.66396037089134E-07)],

[0.985576037125688, 1.45104717239105],
[0.0985576037125688, 0.145104717239105],

Iteration #34
alpha 0.1
[(1.65931566784167, -2.50810545370657E-05), (0.777307541611118, 2.50810545322057E-05)],
[(0.165931566784167, -2.50810545370657E-06), (0.0777307541611118, 2.50810545322057E-06)],

[1.65931566803123, 0.777307542015757],
[0.165931566803123, 0.0777307542015758],

Iteration #35
alpha 0.1
[(1.14466611295724, -2.92694662739909E-05), (1.29195709649555, 2.92694662691309E-05)],
[(0.114466611295724, -2.92694662739909E-06), (0.129195709649555, 2.92694662691309E-06)],

[1.14466611333146, 1.2919570968271],
[0.114466611333146, 0.12919570968271],

Iteration #36
alpha 0.1
[(2.94290330194807, -0.00071468655430945), (-0.506280092495273, 0.00071468655430459)],
[(0.294290330194806, -7.1468655430945E-05), (-0.0506280092495273, 7.1468655430459E-05)],

[2.94290338872918, 0.50628059693602],
[0.294290338872918, 0.050628059693602],

Iteration #37
alpha 0.1
[(2.0053895154952, -0.000388514277749107), (0.431233693957589, 0.000388514277744294)],
[(0.20053895154952, -3.88514277749107E-05), (0.0431233693957589, 3.88514277744294E-05)],

[2.00538955312962, 0.431233868970946],
[0.200538955312962, 0.0431233868970946],

Iteration #38
alpha 0.1
[(1.4470381317858, -0.000275611196303862), (0.989585077666996, 0.000275611196299002)],
[(0.14470381317858, -2.75611196303862E-05), (0.0989585077666996, 2.75611196299002E-05)],

[1.44703815803304, 0.989585116047491],
[0.144703815803304, 0.0989585116047491],

Iteration #39
alpha 0.1
[(0.765534420321257, -0.000821199253163477), (1.67108878913153, 0.000821199253158618)],
[(0.0765534420321257, -8.21199253163478E-05), (0.167108878913153, 8.21199253158618E-05)],

[0.765534860776971, 1.67108899090662],
[0.0765534860776971, 0.167108899090662],

Iteration #40
alpha 0.1
[(1.27842116463563, -0.000930219600051012), (1.15820204481716, 0.000930219600046152)],
[(0.127842116463563, -9.30219600051012E-05), (0.115820204481716, 9.30219600046152E-05)],

[1.27842150306416, 1.15820241837391],
[0.127842150306416, 0.115820241837391],

Iteration #41
alpha 0.1
[(-0.909180510415099, -0.0338540152066159), (3.34580371986789, 0.033854015206611)],
[(-0.0909180510415099, -0.00338540152066159), (0.334580371986789, 0.0033854015206611)],

[0.909810581859911, 3.34597498888253],
[0.0909810581859911, 0.334597498888253],

Iteration #42
alpha 0.1
[(0.215523429921269, -0.017897008420433), (2.22109977953152, 0.017897008420428)],
[(0.0215523429921269, -0.0017897008420433), (0.222109977953152, 0.0017897008420428)],

[0.216265234736028, 2.22117188293598],
[0.0216265234736028, 0.222117188293598],

Iteration #43
alpha 0.1
[(0.846235902535219, -0.011256481395425), (1.59038730691757, 0.0112564813954202)],
[(0.0846235902535219, -0.0011256481395425), (0.159038730691757, 0.00112564813954202)],

[0.846310765093416, 1.59042714211558],
[0.0846310765093416, 0.159042714211558],

Iteration #44
alpha 0.1
[(1.38059436122406, -0.016166054416607), (1.05602884822873, 0.0161660544166021)],
[(0.138059436122406, -0.0016166054416607), (0.105602884822873, 0.00161660544166021)],

[1.3806890060977, 1.05615257875305],
[0.13806890060977, 0.105615257875305],

Iteration #45
alpha 0.1
[(0.507960217472929, -0.0869288355591263), (1.92866299197986, 0.0869288355591214)],
[(0.0507960217472929, -0.00869288355591263), (0.192866299197986, 0.00869288355591214)],

[0.515344743823793, 1.93062102938002],
[0.0515344743823793, 0.193062102938002],

Iteration #46
alpha 0.1
[(1.0430557266624, -0.0654819999811763), (1.39356748279039, 0.0654819999811714)],
[(0.10430557266624, -0.00654819999811763), (0.139356748279039, 0.00654819999811714)],

[1.04510915278968, 1.39510509332175],
[0.104510915278968, 0.139510509332175],

Iteration #47
alpha 0.1
[(1.7801866179626, -0.275419036117112), (0.656436591490191, 0.275419036117107)],
[(0.17801866179626, -0.0275419036117112), (0.0656436591490191, 0.0275419036117107)],

[1.80136615939925, 0.71187403668271],
[0.180136615939925, 0.071187403668271],

Iteration #48
alpha 0.1
[(1.31310465719646, -0.228953522387406), (1.12351855225633, 0.228953522387401)],
[(0.131310465719646, -0.0228953522387406), (0.112351855225633, 0.0228953522387401)],

[1.33291543473869, 1.14660963395471],
[0.133291543473869, 0.114660963395471],

Iteration #49
alpha 0.1
[(1.06545585458678, -0.598145794391558), (1.37116735486601, 0.598145794391553)],
[(0.106545585458678, -0.0598145794391558), (0.137116735486601, 0.0598145794391553)],

[1.22187338518422, 1.49595397870341],
[0.122187338518422, 0.149595397870341],

Iteration #50
alpha 0.1
[(1.19390743860875, -0.5026489006498), (1.24271577084404, 0.502648900649795)],
[(0.119390743860875, -0.05026489006498), (0.124271577084404, 0.0502648900649795)],

[1.29540375531715, 1.34052169114451],
[0.129540375531715, 0.134052169114451],

Iteration #51
alpha 0.1
[(1.21860980243104, -0.508790833453206), (1.21801340702175, 0.508790833453201)],
[(0.121860980243104, -0.0508790833453206), (0.121801340702175, 0.0508790833453201)],

[1.32055971572172, 1.32000938325859],
[0.132055971572172, 0.132000938325859],

Iteration #52
alpha 0.1
[(1.21831127509878, -0.509353250621409), (1.21831193435401, 0.509353250621404)],
[(0.121831127509878, -0.0509353250621409), (0.121831193435401, 0.0509353250621404)],

[1.32050107798192, 1.3205016862193],
[0.132050107798192, 0.13205016862193],

Iteration #53
alpha 0.1
[(1.21831160472625, -0.509353027598664), (1.21831160472654, 0.509353027598659)],
[(0.121831160472625, -0.0509353027598664), (0.121831160472654, 0.0509353027598659)],

[1.32050129607455, 1.32050129607482],
[0.132050129607455, 0.132050129607482],

