Iteration #0
alpha 0.1
[(0.5, 0), (0.5, 0), (0.5, 0)],
[(0.05, 0), (0.05, 0), (0.05, 0)],

[0.5, 0.5, 0.5],
[0.05, 0.05, 0.05],

Iteration #1
alpha 0.1
[(0.875, 0), (0.5, 0), (0.375, 0)],
[(0.0875, 0), (0.05, 0), (0.0375, 0)],

[0.875, 0.5, 0.375],
[0.0875, 0.05, 0.0375],

Iteration #2
alpha 0.1
[(0.789816602316602, 0), (0.496621621621622, 0), (0.369932432432432, 0)],
[(0.0789816602316602, 0), (0.0496621621621622, 0), (0.0369932432432432, 0)],

[0.789816602316602, 0.496621621621622, 0.369932432432432],
[0.0789816602316602, 0.0496621621621622, 0.0369932432432432],

Iteration #3
alpha 0.1
[(0.785210443444361, 0), (0.496611393007268, 0), (0.369922830787265, 0)],
[(0.0785210443444361, 0), (0.0496611393007268, 0), (0.0369922830787265, 0)],

[0.785210443444361, 0.496611393007268, 0.369922830787265],
[0.0785210443444361, 0.0496611393007268, 0.0369922830787265],

Iteration #4
alpha 0.1
[(0.785196933178586, 0), (0.496611392944656, 0), (0.369922830745872, 0)],
[(0.0785196933178586, 0), (0.0496611392944656, 0), (0.0369922830745872, 0)],

[0.785196933178586, 0.496611392944656, 0.369922830745872],
[0.0785196933178586, 0.0496611392944656, 0.0369922830745872],

